0 86
0 93
0 120
0 435
0 506
0 608
0 742
0 776
0 808
0 987
1 23
1 235
1 463
1 539
1 612
1 667
1 674
2 19
2 49
2 133
2 248
2 461
2 513
2 518
2 533
2 591
2 705
2 814
2 895
3 20
3 38
3 232
3 238
3 276
3 332
3 345
3 600
3 607
3 654
3 666
3 908
3 972
4 61
4 103
4 146
4 268
4 270
4 526
4 563
4 689
4 696
4 831
4 958
5 118
5 157
5 220
5 323
5 381
5 462
5 486
5 770
5 903
6 22
6 134
6 248
6 258
6 283
6 694
6 912
7 60
7 165
7 585
7 640
7 665
7 792
7 963
8 46
8 78
8 137
8 198
8 313
8 321
8 422
8 425
8 507
8 696
8 829
8 905
8 951
9 143
9 220
9 299
9 466
9 540
9 620
9 672
9 782
10 69
10 73
10 86
10 402
10 494
10 751
10 773
10 817
10 935
10 967
11 157
11 234
11 686
11 739
11 744
11 789
11 996
12 56
12 75
12 101
12 203
12 237
12 310
12 379
12 405
12 505
12 535
12 610
12 664
12 835
13 188
13 436
13 437
13 691
13 786
13 888
14 96
14 101
14 102
14 455
14 523
14 702
14 719
14 741
15 18
15 47
15 69
15 89
15 262
15 410
15 531
15 536
15 582
15 717
15 754
15 759
15 775
15 800
16 112
16 191
16 275
16 375
16 420
16 506
16 669
16 718
16 875
16 883
16 919
16 969
17 122
17 415
17 497
17 592
17 593
17 763
17 773
17 922
18 21
18 29
18 125
18 255
18 367
18 421
18 595
18 668
18 675
18 713
18 824
18 828
18 977
18 997
19 34
19 140
19 161
19 256
19 282
19 365
19 450
19 551
19 588
19 682
19 690
19 716
19 734
19 898
20 282
20 398
20 554
20 557
20 953
20 958
21 52
21 54
21 474
21 492
21 508
21 732
21 747
21 888
21 911
22 39
22 114
22 119
22 128
22 173
22 320
22 379
22 438
22 459
22 536
22 704
22 904
22 905
22 918
22 968
22 991
23 44
23 99
23 104
23 230
23 383
23 387
23 421
23 431
23 556
23 570
23 718
23 748
23 790
23 835
23 945
24 43
24 104
24 206
24 212
24 295
24 366
24 447
24 769
24 982
25 217
25 223
25 229
25 241
25 248
25 268
25 403
25 734
25 845
25 958
26 156
26 161
26 201
26 377
26 779
26 943
26 981
27 173
27 197
27 329
27 446
27 741
27 794
27 899
27 979
28 170
28 289
28 387
28 502
28 644
28 752
28 760
28 968
29 65
29 189
29 734
29 753
29 764
29 890
29 964
30 47
30 65
30 244
30 433
30 515
30 731
30 858
30 953
31 80
31 188
31 235
31 281
31 318
31 564
31 665
31 846
31 880
32 45
32 125
32 173
32 290
32 512
32 642
32 810
32 876
33 144
33 231
33 232
33 271
33 326
33 376
33 442
33 494
33 725
33 761
33 983
34 38
34 326
34 394
34 494
34 515
34 523
34 656
34 676
34 911
35 80
35 96
35 256
35 304
35 362
35 476
35 871
35 985
35 989
36 639
36 760
36 826
36 989
37 61
37 130
37 286
37 312
37 428
37 443
37 481
37 553
37 571
37 624
37 648
37 776
37 817
37 912
38 118
38 182
38 235
38 338
38 420
38 607
38 638
38 686
38 692
38 702
38 782
38 811
38 943
39 114
39 628
39 669
39 876
39 881
39 932
39 951
40 246
40 298
40 414
40 457
40 474
40 542
40 564
40 579
40 748
40 779
41 53
41 205
41 295
41 347
41 357
41 399
41 445
41 721
41 736
41 762
41 862
41 914
41 940
41 962
42 80
42 109
42 226
42 299
42 519
42 695
42 717
42 775
42 848
43 60
43 269
43 350
43 456
43 496
43 628
43 701
43 707
43 776
43 893
44 220
44 365
44 423
44 462
44 693
44 705
45 308
45 475
45 495
45 557
45 594
45 641
45 702
45 744
45 956
46 198
46 273
46 317
46 439
46 443
46 733
46 752
46 959
46 969
47 91
47 94
47 103
47 104
47 148
47 208
47 253
47 303
47 398
47 638
47 647
47 656
47 667
47 691
47 694
47 905
47 935
47 938
48 82
48 399
48 595
48 837
48 916
48 947
48 995
49 287
49 357
49 425
49 499
49 611
49 829
49 914
49 917
49 923
50 134
50 184
50 221
50 243
50 270
50 352
50 382
50 583
50 655
50 822
50 887
50 983
50 989
51 52
51 106
51 280
51 302
51 323
51 594
51 638
51 655
51 729
51 808
51 967
52 135
52 202
52 333
52 475
52 616
52 688
52 690
52 857
52 958
52 995
53 130
53 368
53 432
53 562
53 595
53 672
53 764
53 877
53 927
54 378
54 412
54 418
54 523
54 834
54 921
54 963
55 232
55 244
55 307
55 352
55 371
55 406
55 408
55 519
55 631
55 773
55 777
55 818
55 989
56 278
56 320
56 348
56 396
56 428
56 470
56 804
57 62
57 415
57 679
57 701
57 735
57 895
57 920
57 984
58 72
58 239
58 646
58 723
58 818
58 847
58 891
59 292
59 382
59 425
59 472
59 506
59 627
59 691
59 914
60 168
60 384
60 563
60 650
60 681
61 157
61 180
61 209
61 481
61 721
61 754
61 910
62 275
62 571
62 607
62 638
62 652
62 674
62 700
62 784
62 898
63 193
63 313
63 447
63 702
63 769
63 775
64 131
64 203
64 425
64 447
64 473
64 568
64 637
64 686
64 779
64 916
65 73
65 188
65 194
65 323
65 349
65 367
65 476
65 532
65 536
65 544
65 553
65 642
65 656
65 874
65 899
66 152
66 286
66 316
66 353
66 365
66 419
66 528
66 553
66 620
66 663
66 774
66 990
66 992
67 485
67 676
67 798
67 821
67 889
67 916
67 962
68 115
68 131
68 240
68 578
68 639
68 919
68 948
69 212
69 293
69 384
69 417
69 476
69 816
69 937
70 171
70 237
70 301
70 324
70 348
70 399
70 453
70 617
70 743
70 972
71 74
71 388
71 422
71 444
71 522
71 611
71 632
71 748
71 777
72 256
72 271
72 379
72 580
72 614
72 645
72 687
72 728
72 822
72 855
73 328
73 376
73 393
73 435
73 441
73 461
73 544
73 563
73 575
73 758
73 776
73 851
74 192
74 299
74 300
74 377
74 448
74 527
74 599
74 657
74 817
74 857
74 874
75 215
75 219
75 222
75 229
75 563
75 632
75 776
76 227
76 288
76 320
76 343
76 407
76 546
76 590
76 664
76 715
76 806
76 811
76 904
76 975
77 162
77 221
77 277
77 301
77 317
77 477
77 527
77 618
77 649
77 688
77 735
77 913
77 934
78 208
78 223
78 350
78 515
78 595
78 633
78 643
78 651
78 743
78 745
78 746
78 845
79 308
79 428
79 519
79 574
79 756
79 768
79 899
79 919
80 96
80 183
80 339
80 371
80 383
80 397
80 542
80 551
80 734
80 845
80 862
80 906
81 86
81 105
81 167
81 169
81 390
81 499
81 538
81 915
81 936
82 134
82 145
82 164
82 233
82 277
82 388
82 403
82 680
82 712
82 724
82 853
82 896
82 947
83 171
83 191
83 463
83 479
83 501
83 673
83 733
83 831
83 908
83 957
84 328
84 566
84 685
84 822
84 861
84 944
85 259
85 271
85 326
85 334
85 560
85 561
85 570
85 658
85 816
85 871
85 997
86 115
86 148
86 360
86 509
86 584
86 733
86 900
87 102
87 176
87 243
87 253
87 348
87 405
87 418
87 529
87 531
87 636
87 789
87 923
87 928
87 997
88 133
88 310
88 372
88 500
88 507
88 569
88 656
88 754
88 832
88 954
89 131
89 263
89 337
89 347
89 362
89 671
89 730
89 825
89 915
89 939
89 970
90 209
90 254
90 524
90 543
90 555
90 571
90 663
90 672
91 188
91 262
91 432
91 583
91 632
91 709
91 863
91 892
91 906
91 955
91 981
92 284
92 390
92 485
92 559
92 635
92 679
92 780
92 840
93 230
93 302
93 324
93 345
93 712
93 779
93 903
94 218
94 237
94 241
94 298
95 168
95 215
95 361
95 454
95 458
95 502
95 729
95 984
96 161
96 168
96 221
96 273
96 274
96 640
96 864
96 957
97 126
97 398
97 787
97 896
97 927
98 111
98 160
98 374
98 418
98 489
98 572
98 615
98 720
98 813
98 899
98 953
99 229
99 346
99 376
99 391
99 616
99 795
99 813
99 963
100 130
100 160
100 194
100 336
100 590
100 727
100 756
100 903
100 980
101 232
101 443
101 568
101 623
101 753
102 154
102 421
102 445
102 472
102 481
102 520
102 613
102 677
102 802
102 837
102 996
103 130
103 418
103 434
103 503
103 547
103 727
103 764
103 865
103 882
103 884
104 322
104 367
104 704
104 750
104 830
104 973
105 187
105 514
106 173
106 179
106 208
106 209
106 343
106 358
106 512
106 543
106 567
106 642
106 813
107 153
107 179
107 267
107 293
107 324
107 634
107 663
107 713
107 988
108 142
108 153
108 183
108 320
108 470
108 495
108 542
108 631
108 638
108 715
108 757
108 917
109 220
109 333
109 334
109 646
109 730
109 817
109 922
110 184
110 187
110 244
110 290
110 318
110 604
110 622
110 624
110 884
110 904
111 463
111 549
111 649
111 763
111 875
112 181
112 292
112 352
112 433
112 434
112 463
112 567
112 777
112 845
112 891
112 998
113 240
113 462
113 515
113 541
113 812
113 941
114 307
114 380
114 637
114 685
114 714
114 727
114 766
114 767
114 972
115 323
115 475
115 596
115 597
115 607
115 799
116 214
116 360
116 429
116 448
116 474
116 598
116 873
116 875
116 992
117 432
117 537
117 841
118 188
118 222
118 253
118 425
118 494
118 559
118 652
118 687
118 716
118 775
118 806
118 876
118 984
118 987
118 998
119 129
119 181
119 192
119 236
119 286
119 302
119 381
119 391
119 487
119 578
119 583
119 612
119 780
119 849
119 850
119 868
120 163
120 218
120 232
120 268
120 281
120 382
120 393
120 419
120 575
120 718
120 790
120 835
120 915
121 165
121 186
121 304
121 386
121 431
121 694
121 828
121 964
121 965
122 319
122 338
122 415
122 580
122 594
122 627
122 887
122 984
122 985
123 433
123 570
123 615
124 144
124 159
124 272
124 399
124 423
124 429
124 463
124 515
124 564
124 570
124 694
124 698
124 771
124 847
124 895
124 941
125 187
125 214
125 238
125 278
125 333
125 443
125 557
125 594
125 623
125 628
125 676
125 856
126 145
126 173
126 193
126 317
126 401
126 460
126 497
126 535
126 550
126 736
126 851
126 954
127 234
127 468
127 520
127 680
127 786
127 796
127 886
128 215
128 315
128 343
128 444
128 693
128 777
128 954
129 173
129 216
129 238
129 282
129 421
129 439
129 628
129 657
129 674
129 718
129 825
129 837
129 966
130 273
130 401
130 593
130 610
130 657
130 669
130 838
130 857
130 980
131 185
131 227
131 234
131 287
131 398
131 433
131 697
131 765
131 903
132 294
132 311
132 442
132 443
132 477
132 478
132 609
132 647
132 697
132 749
132 890
133 250
133 310
133 421
133 472
133 704
133 841
133 896
133 945
134 161
134 200
134 201
134 321
134 333
134 403
134 550
134 565
134 733
134 798
134 954
135 194
135 258
135 449
135 486
135 814
135 824
135 867
135 897
135 984
136 146
136 214
136 397
136 405
136 468
136 515
136 540
136 734
136 756
136 995
137 303
137 580
137 679
137 732
137 812
137 838
137 939
138 260
138 532
138 598
138 683
138 731
138 782
138 854
139 156
139 285
139 315
139 357
139 478
139 488
139 894
140 162
140 190
140 399
140 403
140 501
140 513
140 533
140 728
140 852
140 971
141 239
141 356
141 427
142 167
142 246
142 300
142 352
142 652
142 809
143 274
143 356
143 390
143 402
143 413
143 451
143 475
143 551
143 593
143 596
143 676
143 826
143 894
144 205
144 251
144 491
144 500
144 757
144 948
144 976
145 149
145 246
145 608
145 610
145 745
145 802
145 819
145 917
145 929
145 942
145 994
146 270
146 461
146 510
146 520
146 540
146 546
146 561
146 732
146 799
147 212
147 458
147 466
147 491
147 544
147 545
147 593
147 650
147 772
147 933
148 182
148 232
148 252
148 351
148 354
148 452
148 527
148 680
148 709
148 895
148 969
149 435
149 698
149 929
149 975
150 285
150 403
150 529
150 641
150 769
151 185
151 295
151 339
151 665
151 692
152 318
152 345
152 503
152 628
152 928
153 252
153 374
153 499
153 641
153 683
153 834
153 922
154 253
154 358
154 381
154 484
154 551
154 722
154 770
154 773
154 791
154 806
154 849
154 856
154 952
155 279
155 600
155 697
155 851
155 917
156 345
156 397
156 401
156 440
156 717
156 891
156 960
157 475
157 682
157 724
157 978
158 164
158 307
158 485
158 496
158 530
158 597
158 641
158 876
158 900
158 930
158 937
158 976
159 322
159 341
159 789
159 844
159 927
160 167
160 271
160 442
160 466
160 481
160 576
160 610
160 649
160 762
161 188
161 296
161 603
161 752
161 764
161 906
161 913
162 190
162 263
162 399
162 463
162 853
163 403
163 432
163 534
163 585
163 593
163 859
163 907
163 973
164 170
164 182
164 349
164 355
164 448
164 511
164 539
164 625
164 718
164 926
165 542
165 576
165 637
165 838
166 235
166 335
166 366
166 430
166 446
166 478
166 523
166 632
166 712
166 825
167 753
167 872
168 261
168 377
168 817
168 950
169 211
169 431
169 464
169 502
169 819
169 927
169 929
169 954
169 956
170 172
170 382
170 512
170 578
170 729
170 843
170 915
170 955
170 986
171 195
171 210
171 514
171 622
171 713
171 934
172 188
172 244
172 309
172 438
172 477
172 525
172 573
172 600
172 684
172 789
172 881
173 225
173 551
173 559
173 594
173 601
173 721
173 822
173 849
173 889
173 927
174 266
174 580
174 692
174 790
174 806
175 288
175 290
175 333
175 438
175 489
175 677
175 757
175 878
175 934
175 943
175 966
176 414
176 491
176 521
176 522
176 607
176 735
176 752
176 794
176 807
176 874
177 272
177 290
177 323
177 421
177 443
177 559
177 658
177 689
177 800
177 827
177 878
177 937
177 979
178 226
178 302
178 400
178 557
178 597
178 608
178 616
178 642
178 658
178 736
178 890
179 569
179 679
179 709
179 719
179 732
179 816
179 858
179 940
180 318
180 421
180 684
180 692
180 736
180 751
180 762
180 976
181 248
181 264
181 312
181 348
181 434
181 437
181 464
181 469
181 681
181 837
181 999
182 186
182 236
182 278
182 445
182 451
182 455
182 474
182 632
182 725
182 727
182 843
182 855
182 936
182 954
183 289
183 649
183 784
183 794
183 861
183 943
184 188
184 257
184 333
184 347
184 459
184 479
184 526
184 604
184 716
184 869
185 187
185 268
185 344
185 434
185 505
185 517
185 519
185 590
185 655
185 663
185 677
185 773
186 349
186 396
186 462
186 534
186 543
186 555
186 670
186 704
186 731
187 233
187 382
187 595
187 603
187 623
187 654
187 667
187 721
187 745
187 915
187 985
188 362
188 395
188 450
188 617
188 666
188 691
188 776
188 800
189 359
189 532
189 548
189 578
189 705
189 712
189 930
189 947
190 309
190 339
190 434
190 591
190 592
190 636
190 640
190 742
191 400
191 445
191 547
191 728
191 811
191 832
191 934
192 290
192 301
192 306
192 343
192 460
192 528
192 709
192 716
192 825
193 391
193 515
193 551
193 618
193 680
193 947
194 400
194 543
194 578
194 579
194 727
194 800
194 883
194 890
194 892
194 973
194 990
194 999
195 312
195 335
195 354
195 420
195 451
195 632
195 711
195 741
195 850
195 974
196 376
196 486
196 609
196 650
196 693
196 757
196 778
196 841
196 888
196 927
196 932
197 274
197 404
197 432
197 443
197 459
197 482
197 616
197 629
197 682
197 928
197 990
198 279
198 315
198 322
198 410
198 430
198 491
198 537
198 810
198 909
198 923
199 481
199 518
199 575
199 651
199 652
199 712
199 740
199 809
199 938
199 956
200 212
200 234
200 854
200 867
200 996
201 411
201 632
201 663
201 665
201 941
202 257
202 616
202 866
202 924
203 318
203 341
203 523
203 701
203 762
203 819
204 285
204 294
204 318
204 400
204 529
204 699
204 857
204 866
204 877
205 376
205 415
205 472
205 496
205 515
205 731
206 267
206 294
206 471
206 782
206 897
206 963
207 233
207 420
207 735
207 884
207 890
208 252
208 276
208 335
208 410
208 422
208 499
208 557
208 698
208 723
208 916
209 238
209 257
209 338
209 357
209 367
209 448
209 461
209 524
209 581
209 795
209 814
209 833
209 912
209 976
210 217
210 354
210 375
210 425
210 598
210 695
210 803
210 822
210 858
211 307
211 432
211 594
211 599
211 674
211 751
211 864
211 976
212 244
212 370
212 376
212 565
212 582
212 713
212 912
212 924
212 986
213 406
213 497
214 274
214 405
214 466
214 669
214 767
214 834
214 870
214 924
215 296
215 297
215 301
215 305
215 419
215 615
215 668
215 712
215 734
215 793
215 878
215 910
216 469
216 618
216 753
216 825
216 827
216 941
216 972
217 324
217 362
217 857
217 942
217 967
218 577
218 580
218 666
218 722
218 911
219 365
219 402
219 416
219 441
219 490
219 527
219 746
219 791
219 802
219 846
219 849
219 947
220 427
220 439
220 603
220 690
220 711
220 915
221 360
221 426
221 536
221 577
221 712
221 913
221 948
221 954
221 991
222 263
222 400
222 571
222 595
223 327
223 336
223 360
223 454
223 820
223 895
223 931
223 952
223 995
224 342
224 413
224 415
224 527
224 634
224 696
225 438
225 566
225 569
225 596
225 620
225 671
225 687
225 795
225 830
225 871
225 941
226 298
226 386
226 532
226 619
226 765
226 820
226 872
227 233
227 342
227 732
228 418
228 609
228 685
228 817
228 837
228 920
228 984
229 447
229 450
229 749
229 853
230 310
230 415
230 428
230 905
231 343
231 358
231 481
231 613
231 706
231 878
231 910
231 942
231 984
232 317
232 406
232 527
232 530
232 554
232 674
232 821
232 869
233 301
233 369
233 407
233 448
233 457
233 661
233 711
233 760
233 842
233 891
233 979
234 316
234 321
234 410
234 676
234 746
234 768
234 780
234 849
234 896
235 239
235 654
235 752
235 787
235 826
235 844
235 977
235 980
236 401
236 457
236 675
236 833
237 310
237 355
237 449
237 550
237 575
237 841
238 438
238 520
238 705
238 857
238 860
238 995
239 528
239 545
239 611
240 291
240 339
240 378
240 418
240 704
240 906
241 408
241 490
241 529
241 545
241 561
241 597
241 931
242 296
242 379
242 421
242 542
242 673
242 682
242 741
242 784
242 815
242 822
243 301
243 358
243 494
243 626
244 305
244 408
244 441
244 465
244 512
244 520
244 564
244 709
244 785
245 313
245 729
245 774
245 808
246 376
246 659
246 667
246 694
246 894
247 299
247 385
247 471
247 529
247 622
247 990
248 263
248 295
248 306
248 476
248 514
248 571
248 576
248 775
248 853
249 382
249 570
249 662
249 705
249 752
249 815
249 822
249 951
250 252
250 516
250 544
250 578
250 624
250 865
250 908
250 917
251 313
251 377
251 635
251 734
251 778
252 262
252 398
252 592
252 651
252 742
252 817
252 824
252 891
252 916
252 987
253 285
253 585
253 726
253 896
254 367
254 392
254 439
254 958
255 417
255 471
255 481
255 919
256 267
256 289
256 337
256 399
256 409
256 428
256 600
256 825
256 840
256 850
257 428
257 468
257 536
257 585
257 861
257 867
257 878
257 889
258 407
258 415
258 573
258 656
258 706
258 778
258 800
258 812
258 899
259 359
259 398
259 419
259 623
259 634
259 875
259 975
260 267
260 326
260 547
260 632
260 635
260 760
260 831
261 317
261 503
261 513
261 523
261 541
261 756
262 278
262 287
262 329
262 354
262 440
262 454
262 763
262 907
262 920
263 330
263 389
263 621
264 427
264 510
264 649
264 667
264 676
264 760
264 938
265 289
265 294
265 492
265 647
265 733
265 804
265 853
265 859
265 923
265 942
265 979
266 437
266 451
266 469
266 545
266 751
266 920
266 924
267 306
267 539
267 714
267 920
267 938
268 400
268 481
268 567
268 652
268 734
268 767
268 932
268 948
269 339
269 436
269 464
269 486
269 499
269 593
269 722
269 829
270 398
270 466
270 567
270 755
270 830
270 848
270 871
270 949
270 955
271 404
271 512
271 591
271 653
271 723
271 753
271 843
271 870
271 942
272 289
272 364
272 439
272 441
272 494
272 516
272 924
272 927
272 933
273 313
273 316
273 589
273 614
273 631
273 859
273 971
273 996
274 351
274 403
274 411
274 538
274 581
274 791
274 846
274 957
275 290
275 381
275 401
275 403
275 455
275 459
275 481
275 495
275 538
275 555
275 577
275 581
275 614
275 677
275 732
275 760
275 828
275 963
275 986
276 321
276 674
276 818
276 899
276 922
276 960
276 995
277 353
277 402
277 491
277 526
277 713
277 786
277 839
277 865
277 971
278 517
278 911
278 965
279 538
279 570
279 662
279 765
279 770
279 789
279 865
279 872
279 929
280 295
280 639
280 789
280 833
280 862
280 896
281 309
281 341
281 420
281 514
281 528
281 672
281 822
281 839
281 995
282 305
282 344
282 511
282 714
282 828
282 852
282 868
282 975
283 318
283 344
283 537
283 552
283 594
283 652
283 823
283 856
283 862
283 892
283 935
284 285
284 435
284 465
284 682
284 700
284 748
284 881
284 909
284 914
285 371
285 424
285 439
285 457
285 494
285 563
285 646
285 669
285 812
285 884
286 311
286 354
286 525
286 526
286 558
286 559
286 608
286 671
286 740
286 788
286 818
287 503
287 504
287 889
288 608
288 657
288 708
288 788
288 914
288 923
289 305
289 362
289 606
289 672
289 674
289 764
289 985
289 999
290 308
290 680
290 694
290 838
290 915
290 975
290 985
291 455
291 487
291 497
291 620
291 981
292 637
292 733
293 437
293 977
294 751
294 783
294 957
295 358
295 404
295 562
295 638
295 662
295 740
295 837
295 951
295 970
296 302
296 445
296 723
296 743
296 767
296 848
296 850
296 877
296 996
297 497
297 518
297 546
297 634
297 645
297 793
297 931
297 932
298 307
298 449
298 763
298 780
298 983
299 510
299 523
299 632
299 684
299 913
299 940
300 307
300 329
300 479
300 481
300 486
300 513
300 527
300 659
300 686
300 732
300 894
301 353
301 385
301 410
301 573
301 689
301 740
301 921
301 931
302 363
302 424
302 490
302 601
302 652
302 723
303 392
303 659
303 829
304 471
304 486
304 545
304 581
304 639
304 670
304 733
304 750
304 798
305 385
305 451
305 807
305 826
305 993
306 422
306 527
306 592
306 696
306 698
306 812
306 866
307 495
307 510
307 512
307 577
307 641
307 801
307 830
307 906
307 953
308 341
308 665
308 684
309 329
309 424
309 430
309 639
309 878
309 924
309 991
310 421
310 445
310 599
310 751
310 780
310 782
310 783
310 836
310 944
310 985
310 990
311 373
311 404
311 430
311 491
311 493
311 524
311 810
311 903
311 979
311 998
312 658
312 706
312 785
312 811
312 915
312 955
312 990
313 459
313 941
314 409
314 653
314 772
314 862
314 913
315 378
315 403
315 454
315 602
315 982
315 986
316 355
316 409
316 469
316 631
316 660
316 769
316 887
317 536
317 773
317 813
317 866
318 612
318 696
319 346
319 439
319 470
319 506
319 534
319 616
319 737
319 944
320 729
320 739
320 851
320 895
320 915
321 381
321 420
321 438
321 485
321 595
321 644
321 669
321 772
321 972
322 348
322 521
322 545
322 589
322 780
322 872
322 916
322 972
322 988
323 549
323 697
323 719
323 793
324 334
324 426
324 439
324 490
324 496
324 533
324 673
324 723
324 732
324 781
324 860
324 868
325 451
325 516
325 838
325 865
325 885
325 978
326 331
326 434
326 563
326 568
326 603
326 714
326 840
326 843
326 874
326 914
327 361
327 377
327 550
327 587
327 619
327 838
327 867
328 590
328 643
328 995
329 335
329 433
329 454
329 824
329 845
329 864
329 907
330 420
330 442
330 450
330 820
330 836
330 942
331 389
331 425
331 576
331 826
331 912
332 435
332 512
332 675
332 713
332 731
332 742
332 762
332 870
333 413
333 417
333 494
333 616
333 637
333 888
333 896
333 897
334 351
334 384
334 470
334 474
334 492
334 704
334 786
334 868
335 354
335 378
335 446
335 530
335 954
336 344
336 433
336 533
336 543
336 552
337 566
337 830
337 882
337 952
337 979
338 368
338 393
338 394
338 563
338 636
338 824
338 842
338 858
338 867
338 880
338 937
338 983
339 342
339 533
339 606
339 890
340 347
340 689
340 875
340 904
340 940
341 409
341 424
341 776
341 899
341 970
341 980
342 354
342 372
342 395
342 438
342 497
343 401
343 495
343 528
343 542
343 570
343 652
343 700
343 730
343 743
343 904
344 365
344 401
344 565
344 594
344 615
344 722
345 358
345 459
345 479
345 770
345 828
345 933
346 355
346 391
346 710
346 825
346 973
347 363
347 599
347 628
347 695
347 944
347 966
347 967
348 620
348 867
348 955
349 480
349 509
349 702
349 757
349 899
349 924
349 945
349 989
350 410
350 546
350 601
350 712
350 770
350 773
350 886
350 889
351 364
351 377
351 383
351 408
351 504
351 527
351 668
351 814
351 881
351 958
352 358
352 428
352 616
352 663
352 768
352 778
352 788
352 890
352 914
353 368
353 399
353 780
353 825
353 834
353 897
354 429
354 433
354 593
354 654
354 670
354 824
354 886
354 896
354 971
355 725
355 821
355 841
355 842
355 943
356 362
356 503
356 508
356 510
356 632
356 740
357 515
357 614
357 730
358 805
358 890
358 915
358 950
358 994
359 372
359 490
359 568
359 595
359 761
359 794
359 898
359 966
359 982
359 999
360 417
360 467
360 477
360 504
360 578
360 699
361 485
361 495
361 522
361 711
362 520
362 523
362 525
362 556
362 616
362 827
362 923
363 417
363 636
363 737
363 807
363 888
363 918
364 428
364 758
364 923
364 945
364 947
364 955
365 451
365 455
365 786
365 794
366 404
366 413
366 429
366 584
366 920
366 943
366 984
367 395
367 601
367 663
367 717
367 946
368 429
368 468
368 553
368 612
368 626
368 776
368 898
368 899
368 929
368 967
369 696
369 808
369 955
370 515
370 522
370 541
370 569
370 743
370 814
371 433
371 528
371 603
371 625
371 748
371 754
371 766
371 807
371 822
371 918
372 420
372 634
372 913
373 374
373 710
373 745
373 875
373 949
374 597
374 882
375 488
375 573
375 588
375 636
375 718
376 444
376 558
376 587
376 683
376 689
376 763
376 783
376 908
377 412
377 456
377 479
377 540
377 619
377 668
377 669
377 790
377 893
378 420
378 479
378 536
378 557
378 637
378 724
378 859
378 882
378 924
379 386
379 473
379 695
379 698
379 739
379 916
379 942
379 953
379 971
380 481
380 486
380 500
380 502
380 507
380 530
380 584
380 650
380 722
380 929
381 509
381 781
381 848
381 899
381 906
381 919
381 970
382 771
383 477
383 730
383 968
383 998
384 557
384 684
384 744
384 796
384 800
384 887
384 974
384 985
384 995
385 482
385 670
385 723
385 782
386 477
386 545
386 546
386 562
386 584
386 638
386 709
386 910
386 914
386 918
386 933
386 975
387 397
387 437
387 639
388 408
388 472
388 488
388 555
388 566
388 648
388 802
388 973
389 501
389 604
389 731
389 749
389 860
389 911
389 912
390 393
390 408
390 450
390 459
390 481
390 497
390 512
390 628
390 711
391 514
391 830
391 884
391 920
391 973
392 397
392 582
392 723
392 800
392 924
393 831
393 902
394 530
394 617
394 828
394 876
395 438
395 621
395 637
395 752
395 759
395 868
395 949
396 420
396 472
396 554
396 587
396 755
396 761
396 869
396 943
396 963
396 992
397 579
397 603
397 648
397 764
397 807
398 441
398 524
398 564
398 596
398 666
398 715
398 792
398 835
398 898
399 498
399 633
399 657
399 724
399 781
399 801
399 862
399 960
399 969
400 444
400 556
400 636
400 677
400 687
400 850
400 892
400 926
400 952
400 960
401 446
401 447
401 688
401 720
401 819
401 839
401 883
401 946
401 958
402 856
402 874
402 894
402 964
402 988
403 522
403 583
403 739
403 762
403 805
403 822
404 459
404 483
404 520
404 580
404 611
404 625
404 651
404 826
404 847
404 947
405 461
405 500
405 660
405 758
405 821
406 419
406 499
406 556
406 576
406 594
406 613
406 974
407 446
407 455
407 497
407 545
407 626
407 645
407 733
407 757
407 939
407 958
407 973
407 998
408 778
408 831
408 901
408 931
408 950
409 497
409 561
409 647
409 896
410 478
410 597
410 769
410 984
411 648
411 660
411 942
412 441
412 562
412 805
412 890
413 531
413 591
413 700
414 449
414 492
414 587
414 852
415 640
415 676
415 742
415 806
415 889
415 997
416 648
416 660
416 670
416 687
416 751
416 783
416 784
416 817
416 883
417 420
417 547
417 585
417 902
417 975
418 559
418 747
418 815
418 962
419 428
419 685
419 739
419 831
419 856
419 870
419 926
419 963
420 484
420 489
420 507
420 630
420 726
420 747
420 930
421 438
421 456
421 551
421 561
421 714
421 779
421 852
422 465
422 466
422 488
422 549
422 578
422 674
422 778
422 798
422 948
422 960
423 620
423 656
423 744
423 772
423 794
424 603
424 662
424 795
424 852
424 904
425 437
425 498
425 537
425 576
425 630
425 842
426 534
426 747
426 800
426 814
426 822
426 940
427 439
427 528
427 577
427 640
428 781
429 475
429 546
429 591
429 923
430 871
430 892
430 903
430 913
430 964
431 466
431 474
431 589
431 613
431 763
431 941
432 459
432 543
432 558
432 696
432 709
432 901
433 469
433 606
433 618
433 807
433 917
434 596
434 680
434 729
434 731
435 436
435 520
435 538
435 565
435 751
435 861
435 929
436 455
436 494
436 648
436 830
436 944
436 965
437 489
437 530
437 532
437 643
437 907
438 473
438 532
438 932
439 853
439 967
440 483
440 540
440 639
440 655
440 750
440 805
440 870
440 956
440 979
441 708
442 599
442 630
442 884
443 661
443 718
443 841
443 850
443 856
443 910
444 696
444 778
444 844
444 913
444 973
445 527
445 752
445 793
445 809
445 994
446 478
446 811
446 896
446 941
446 983
447 450
447 613
447 622
447 706
447 731
447 753
447 952
448 630
448 797
448 869
448 918
448 996
449 577
449 658
450 649
450 773
450 828
450 858
451 619
451 656
451 699
451 815
451 843
451 849
451 977
452 606
452 726
452 899
452 924
453 543
453 593
453 795
453 874
454 555
454 583
454 663
454 751
454 776
454 883
454 961
455 531
455 577
455 789
455 982
455 983
456 488
456 645
456 691
456 931
456 969
456 971
457 571
457 621
457 934
457 959
458 528
458 545
458 635
458 931
458 959
459 477
459 498
459 602
459 696
459 701
459 880
459 916
460 558
460 569
460 715
460 759
460 789
460 921
461 522
461 663
461 664
461 831
462 540
462 664
462 905
463 719
463 918
463 925
463 946
463 978
464 772
464 822
464 918
464 935
464 970
464 981
465 484
465 507
465 537
465 612
465 650
465 923
466 585
466 621
466 686
466 697
466 731
466 757
466 860
466 933
467 471
467 536
467 736
467 886
467 980
468 475
468 661
468 783
468 931
468 951
468 976
469 615
469 815
469 863
469 877
469 887
469 898
470 715
470 728
470 755
470 801
471 648
471 922
471 935
472 556
472 675
472 700
472 829
473 528
473 680
473 682
473 774
473 799
473 802
473 918
473 944
474 681
474 701
474 907
475 502
475 606
475 751
475 919
476 532
476 816
476 979
477 552
477 586
477 690
478 648
478 709
478 967
479 531
479 718
479 854
479 942
480 672
480 689
480 768
480 845
481 502
481 573
481 597
481 626
481 806
482 576
482 618
482 696
482 832
482 850
482 916
482 940
483 508
483 514
483 594
483 817
484 496
484 587
484 676
484 719
484 795
484 896
484 924
484 932
485 505
485 524
485 569
485 570
485 768
486 500
486 619
486 621
486 750
486 811
486 842
486 862
486 869
487 506
487 804
487 843
487 849
487 892
488 632
488 642
488 746
488 761
488 868
489 527
489 577
489 714
489 750
489 753
489 755
489 781
489 784
489 928
489 956
490 522
490 703
490 764
490 870
490 933
491 547
491 777
491 783
491 817
491 856
491 958
492 512
492 730
492 764
492 927
493 759
493 770
493 818
493 894
493 902
493 912
493 916
494 509
494 567
494 621
494 749
494 773
494 783
494 885
495 725
495 840
495 873
496 513
496 697
496 710
496 726
496 835
496 957
496 991
497 590
497 930
498 513
498 850
498 898
499 697
499 776
499 867
499 897
500 538
500 604
500 663
500 679
501 533
501 792
501 803
502 511
502 513
502 551
502 693
502 756
502 786
502 799
502 975
502 998
503 620
503 648
503 719
503 751
503 768
503 989
504 574
504 586
504 587
504 595
504 689
504 721
504 767
504 888
504 902
504 965
505 647
505 717
505 722
505 769
505 775
505 952
505 989
506 525
506 543
506 594
506 690
506 773
506 865
506 977
507 592
507 658
507 682
507 699
507 794
507 796
507 950
507 954
507 963
508 549
508 552
508 713
508 786
508 832
509 630
509 700
509 847
510 561
510 691
510 705
510 782
510 926
510 974
511 614
511 620
511 640
511 699
511 777
512 621
512 780
512 972
513 655
513 746
513 770
513 849
513 893
513 982
513 985
514 714
514 773
514 952
515 516
515 817
515 847
516 621
516 685
517 629
517 779
517 842
518 746
518 842
518 874
518 886
519 684
519 766
519 914
519 929
520 595
521 562
521 606
521 616
521 708
521 913
522 525
522 545
522 555
522 639
522 897
522 992
523 635
523 825
523 843
523 897
523 906
523 993
524 585
524 928
525 601
525 627
525 636
525 831
525 867
525 894
525 921
525 936
526 599
526 708
526 844
526 869
526 874
526 891
526 914
526 985
527 583
527 680
527 766
527 900
528 548
528 612
528 690
528 765
528 802
528 923
528 924
528 953
529 662
529 663
530 582
530 606
530 675
530 701
530 719
530 735
530 781
530 805
531 721
531 837
531 862
531 922
532 776
532 823
532 893
533 571
533 596
533 647
533 786
533 820
533 895
533 901
534 658
534 689
534 883
534 931
534 992
535 602
535 697
535 720
536 543
536 563
536 661
536 666
536 820
536 910
537 585
537 947
538 673
538 838
539 598
539 614
539 664
539 686
539 728
539 729
539 810
539 983
540 849
541 572
541 596
541 635
541 689
541 699
541 831
541 979
542 577
542 663
542 872
542 929
543 701
543 755
543 780
543 831
543 913
544 727
545 613
545 632
545 872
545 895
545 971
546 598
546 610
546 727
546 854
546 891
547 673
547 842
548 681
548 716
548 734
548 765
548 780
548 912
548 948
548 972
549 594
549 614
549 686
549 844
549 903
550 642
550 766
550 810
550 837
550 881
550 948
551 807
551 868
552 607
552 649
552 657
552 731
552 752
553 587
553 624
553 744
553 952
553 985
554 694
554 703
554 777
555 564
555 664
555 680
555 900
555 963
556 558
556 786
557 777
557 789
557 814
557 945
557 992
558 575
558 625
558 673
558 745
558 749
558 831
558 933
558 939
558 952
559 579
559 696
559 733
559 768
559 789
559 938
560 774
561 675
561 970
562 671
562 729
562 768
562 777
562 817
563 625
563 843
563 859
563 949
565 582
565 770
566 610
566 612
566 638
566 959
567 621
567 864
567 885
567 993
568 573
568 728
568 878
568 939
569 580
569 591
570 573
570 809
570 941
571 610
571 626
571 628
571 654
571 713
571 946
572 590
572 679
572 680
572 790
573 675
573 808
573 973
573 983
574 851
574 967
575 746
575 859
575 863
575 867
577 595
577 636
577 888
578 595
578 657
578 676
578 732
578 782
578 827
578 877
578 897
579 698
579 775
579 812
579 947
579 977
580 648
580 674
580 739
580 769
580 916
581 586
581 654
581 941
582 705
582 783
582 874
582 973
583 704
583 730
583 881
583 990
584 620
584 624
584 796
584 879
584 899
585 608
585 786
585 919
586 592
586 768
586 811
586 814
586 936
586 999
587 671
587 707
587 848
587 852
588 722
588 873
588 908
588 947
588 996
589 662
589 664
589 696
589 705
589 759
589 768
589 809
589 812
590 627
590 653
590 670
590 750
590 870
591 851
591 869
591 982
591 990
592 654
592 808
592 861
593 613
593 675
593 936
594 621
594 779
594 788
594 978
595 600
595 733
595 989
596 681
596 726
596 747
596 751
596 846
596 848
596 879
597 712
597 750
597 848
598 604
598 674
598 710
598 846
598 922
598 944
599 692
599 774
599 904
600 670
600 696
600 890
601 640
601 913
601 970
602 676
602 707
602 947
602 978
603 658
603 699
603 783
603 855
604 631
604 686
604 787
604 802
604 828
604 921
605 670
605 693
605 720
605 956
606 638
606 683
606 788
606 889
606 985
607 643
607 703
607 722
607 732
607 775
607 802
607 833
607 848
607 856
607 935
609 641
610 709
610 808
610 859
610 866
610 869
611 682
611 685
611 711
611 889
611 995
612 649
612 708
612 731
612 804
613 687
613 733
613 750
613 840
613 940
614 810
614 903
614 968
614 989
615 637
615 862
615 899
615 963
615 979
616 628
616 743
616 830
616 895
616 916
616 939
617 862
617 916
617 920
617 925
617 937
618 676
618 794
618 805
619 640
619 702
619 766
619 880
619 882
619 920
619 966
620 630
620 664
620 680
620 820
620 857
621 712
621 725
621 762
621 815
621 846
621 929
621 938
622 695
622 709
622 737
623 766
623 805
623 895
624 713
624 781
624 871
624 966
625 651
625 878
626 732
626 799
626 887
626 922
626 923
627 643
627 661
627 728
627 840
627 967
627 974
627 994
628 639
628 688
628 789
628 809
628 961
629 726
629 744
629 826
630 649
630 671
630 699
630 921
631 655
631 983
632 687
632 781
632 822
632 920
633 691
633 773
633 804
633 957
634 698
635 739
635 740
635 794
635 907
636 665
636 835
636 904
637 910
638 653
638 715
639 815
639 846
639 991
640 734
640 738
640 759
641 932
641 946
641 957
641 978
642 734
642 797
642 812
642 838
642 881
642 927
643 973
644 725
644 804
645 649
645 964
646 664
646 874
646 885
647 905
647 957
648 710
648 720
648 762
648 802
648 896
649 915
650 806
650 994
651 715
651 735
651 748
651 783
652 663
652 725
652 763
652 909
652 938
652 999
653 788
653 790
654 660
654 713
654 721
654 764
655 682
655 725
655 773
655 793
655 974
656 756
656 837
656 844
656 885
657 829
657 878
657 969
658 705
658 792
658 806
658 823
658 841
659 687
659 761
659 782
660 686
660 858
661 680
661 727
661 731
661 739
661 784
661 943
662 670
662 740
662 755
663 910
664 707
664 741
664 744
664 794
664 921
664 931
665 788
665 922
665 964
666 719
666 781
666 872
666 959
667 701
667 741
668 762
668 997
669 858
669 951
669 983
670 797
670 845
671 801
671 871
671 909
671 925
672 688
672 789
672 867
672 938
672 942
673 674
673 753
673 834
673 877
674 809
674 825
674 871
674 994
675 685
675 735
675 793
675 844
675 851
675 884
675 914
675 919
675 948
676 678
676 865
676 907
677 728
677 752
677 756
677 768
677 796
677 918
677 920
677 986
678 695
679 686
679 750
679 810
679 829
679 904
679 911
679 964
680 782
680 829
681 886
681 996
682 966
683 797
683 811
683 856
683 954
683 972
684 708
684 722
684 777
684 891
686 696
686 723
686 845
686 914
686 919
686 980
686 990
687 747
687 798
687 965
687 996
688 827
688 876
690 859
691 708
691 716
692 721
692 790
693 756
693 777
693 811
693 819
693 928
693 997
694 763
694 855
694 935
695 702
695 703
695 764
695 984
696 886
696 935
696 949
696 999
697 698
697 762
697 776
697 815
697 886
697 933
697 987
698 746
698 775
698 882
698 935
698 960
698 967
698 975
699 724
699 777
699 786
699 887
700 739
700 752
700 848
700 922
701 807
701 816
701 915
701 964
702 791
703 790
703 792
703 834
703 863
703 966
704 758
704 827
704 887
704 890
704 916
704 987
705 732
705 835
707 873
707 944
708 718
708 924
708 934
709 962
710 751
710 791
710 798
710 817
710 835
711 793
711 849
711 995
712 803
712 847
714 723
714 786
714 963
715 747
715 951
715 952
716 813
717 761
717 765
717 831
717 868
719 732
719 924
719 933
719 997
720 886
720 913
720 934
721 826
722 893
722 987
722 989
723 731
723 798
724 755
724 815
724 862
724 926
724 951
725 730
725 778
725 811
725 819
725 902
725 979
725 986
726 740
727 830
728 747
728 835
728 858
729 846
729 979
730 771
730 785
730 798
731 966
732 740
732 839
732 855
732 887
733 738
733 822
733 922
733 993
734 837
734 881
734 990
735 852
736 864
737 747
737 847
737 943
737 976
738 819
738 978
739 745
739 799
739 954
740 878
742 953
743 911
743 933
745 759
745 781
745 829
745 882
746 859
746 870
746 981
746 983
747 758
747 805
747 879
747 953
748 893
748 900
749 869
749 940
749 980
751 818
751 886
751 970
752 872
752 982
753 843
753 846
753 864
753 890
753 948
754 876
754 883
755 877
756 851
756 890
756 910
757 803
757 963
758 763
758 791
759 952
760 762
760 814
761 914
762 884
763 804
764 868
764 963
765 871
765 887
765 910
765 985
766 898
767 830
768 848
768 906
768 973
769 787
769 790
769 931
770 825
770 846
770 891
770 993
770 996
771 808
771 819
773 800
773 983
773 992
775 963
775 973
777 934
777 950
778 835
778 898
778 931
779 799
779 804
779 841
780 797
780 914
780 972
780 984
781 787
781 831
781 855
781 912
781 917
781 945
782 932
783 820
783 929
783 945
784 992
785 820
785 906
785 934
786 981
787 880
788 789
788 935
788 997
789 822
789 880
790 880
790 924
790 952
791 802
791 864
791 885
791 940
791 983
792 862
792 998
793 859
793 886
794 911
796 845
797 807
797 919
797 969
798 901
798 905
798 957
799 899
799 934
799 942
800 935
801 825
802 827
802 968
803 843
803 861
803 908
803 958
805 839
805 903
806 817
806 986
807 841
808 902
809 875
809 885
809 898
810 857
810 967
811 960
811 989
812 915
813 855
813 916
814 844
814 851
814 932
814 985
816 859
816 869
816 874
816 962
817 862
817 892
818 875
818 877
818 906
818 961
818 964
819 892
819 920
820 847
820 883
820 986
821 980
824 999
825 934
825 970
825 980
825 994
827 865
829 876
829 906
829 937
829 972
830 833
830 952
831 885
831 894
832 849
832 874
832 898
832 905
833 892
834 920
834 932
834 945
834 953
834 959
836 973
836 988
837 859
837 888
839 844
839 858
839 991
840 908
840 925
840 978
841 894
841 933
841 964
842 906
843 865
843 962
843 998
844 966
845 917
845 954
845 975
846 879
846 892
846 922
847 921
849 973
851 875
851 914
851 938
852 940
853 908
853 912
853 950
854 860
855 952
855 984
856 950
858 900
858 954
859 946
859 988
860 890
860 898
860 968
860 998
861 884
862 986
864 988
865 938
865 946
865 977
866 940
866 945
868 883
868 893
868 957
869 881
869 945
869 972
870 915
871 904
872 913
872 957
873 960
874 887
875 906
876 927
883 887
883 912
884 946
884 974
885 951
886 988
887 971
887 995
888 905
888 938
890 895
891 921
892 934
893 914
893 921
894 942
895 915
895 969
896 987
900 914
902 962
903 983
904 922
904 958
905 931
906 997
907 940
907 967
910 961
911 960
912 945
912 997
914 921
915 925
916 973
917 921
920 925
920 988
923 986
924 927
924 942
925 984
929 946
930 959
933 981
933 992
934 936
934 955
934 962
936 953
937 985
938 992
941 952
941 999
944 979
945 963
946 969
946 979
947 957
947 981
948 954
948 976
949 953
950 971
950 975
950 976
950 977
959 974
965 996
966 971
969 975
969 997
970 974
971 995
975 998
990 993
