# Vertex1   Vertex2 
        0         1 
        0         2 
        1         2 
        2        34 
        2       148 
        2       149 
        2       150 
        2       151 
        3         4 
        3         5 
        4         6 
        5         7 
        6         7 
        6        50 
        6        74 
        7        31 
        7        34 
        7        44 
        7        77 
        8         9 
        8        10 
        8        11 
        9        12 
        9        13 
        9        14 
       10        15 
       10        16 
       10        17 
       10        18 
       12        24 
       13       209 
       13       210 
       13       211 
       13       212 
       14       372 
       14       373 
       15       204 
       16       204 
       18        21 
       19        20 
       19        21 
       19        22 
       20        23 
       20        24 
       20        25 
       21        26 
       21        27 
       23        24 
       23       188 
       23       196 
       24       202 
       25       207 
       26       191 
       26       197 
       28        29 
       28        30 
       28        31 
       29        32 
       30        32 
       30        67 
       31        34 
       32        67 
       33        34 
       33        35 
       33        36 
       33        37 
       34        38 
       34        39 
       34        40 
       34        41 
       35       102 
       38        41 
       38        44 
       38        62 
       38        64 
       38        75 
       38        76 
       39       128 
       39       129 
       40        69 
       40        90 
       40        93 
       40        94 
       40        96 
       40        99 
       40       101 
       41       364 
       42        43 
       42        44 
       42        45 
       42        46 
       42        47 
       43        48 
       43        49 
       44        45 
       44        50 
       44        51 
       45        50 
       45        52 
       45        53 
       45        54 
       45        55 
       45        56 
       45        57 
       45        58 
       46        52 
       46        55 
       46       160 
       46       161 
       46       162 
       48       183 
       49        59 
       49       137 
       49       146 
       49       180 
       49       362 
       50        52 
       50        62 
       50        63 
       52        59 
       52        60 
       53        56 
       53        64 
       53        65 
       53        66 
       54        68 
       54        80 
       54        82 
       54        83 
       54        84 
       54        85 
       54        86 
       54        87 
       54        88 
       54        89 
       55        87 
       56       120 
       56       187 
       59        61 
       61       183 
       62       365 
       62       366 
       64        68 
       64        69 
       64        70 
       64        71 
       64        72 
       64        73 
       65        66 
       65       158 
       66       159 
       67       146 
       68        71 
       68        73 
       68        78 
       68        79 
       68        80 
       68        81 
       69        72 
       69        78 
       69        90 
       69        93 
       69        94 
       69        96 
       69        97 
       69        99 
       69       101 
       70       130 
       70       131 
       71        96 
       71       170 
       71       171 
       71       172 
       72       184 
       73       359 
       74       143 
       74       152 
       77       137 
       77       175 
       77       177 
       78        96 
       78        97 
       79        98 
       80       105 
       82       107 
       82       108 
       83       108 
       83       109 
       84       110 
       84       111 
       84       112 
       84       113 
       84       114 
       84       115 
       84       116 
       84       117 
       85        86 
       85        89 
       85       118 
       85       119 
       85       120 
       86       118 
       86       119 
       86       122 
       86       123 
       87        88 
       87       125 
       87       126 
       87       127 
       88       166 
       88       167 
       90        91 
       90        92 
       90        93 
       90        94 
       91        95 
       92        93 
       92        94 
       92        95 
       93        94 
       93        96 
       93        99 
       93       101 
       93       106 
       94        96 
       94        99 
       94       101 
       94       106 
       95       104 
       96        97 
       96       173 
       96       174 
       97       110 
       97       173 
       97       238 
       97       239 
       99       100 
       99       101 
      100       101 
      100       102 
      100       103 
      100       104 
      102       103 
      102       154 
      102       156 
      102       180 
      102       181 
      103       358 
      104       106 
      105       122 
      107       147 
      109       147 
      110       114 
      110       238 
      110       240 
      110       241 
      110       242 
      110       243 
      111       267 
      111       271 
      111       275 
      111       276 
      111       277 
      111       278 
      111       279 
      112       228 
      112       287 
      113       303 
      115       304 
      116       305 
      117       331 
      117       332 
      117       342 
      118       121 
      119       182 
      120       122 
      120       132 
      120       133 
      120       165 
      122       124 
      124       142 
      125       168 
      125       169 
      125       360 
      128       180 
      128       361 
      128       362 
      130       132 
      130       133 
      130       134 
      131       185 
      131       186 
      135       136 
      135       137 
      135       138 
      135       139 
      136       140 
      136       141 
      137       140 
      137       175 
      137       176 
      139       376 
      139       377 
      143       144 
      143       145 
      144       146 
      145       152 
      146       157 
      148       149 
      150       151 
      152       157 
      153       154 
      153       155 
      153       156 
      156       178 
      156       179 
      158       159 
      160       161 
      160       162 
      163       164 
      163       165 
      164       165 
      166       167 
      168       169 
      173       174 
      173       215 
      173       219 
      173       221 
      173       227 
      174       205 
      174       215 
      174       219 
      174       221 
      174       237 
      188       189 
      188       190 
      189       191 
      189       192 
      189       193 
      189       194 
      189       195 
      191       198 
      191       199 
      191       200 
      193       205 
      193       206 
      194       207 
      194       213 
      194       218 
      195       222 
      196       247 
      197       201 
      199       203 
      200       208 
      201       244 
      206       216 
      207       213 
      207       217 
      208       220 
      209       214 
      212       237 
      213       214 
      213       215 
      215       237 
      216       222 
      219       220 
      219       221 
      220       221 
      220       222 
      220       223 
      220       224 
      220       225 
      220       226 
      222       227 
      222       228 
      222       258 
      222       259 
      223       282 
      223       341 
      224       244 
      224       250 
      224       348 
      225       327 
      225       353 
      227       228 
      227       229 
      227       230 
      227       231 
      227       232 
      227       233 
      227       234 
      227       235 
      227       236 
      228       286 
      229       255 
      229       298 
      230       314 
      232       315 
      233       316 
      234       317 
      239       254 
      240       250 
      240       255 
      240       280 
      240       289 
      241       254 
      241       294 
      242       306 
      243       307 
      244       245 
      244       246 
      245       349 
      246       370 
      246       371 
      247       248 
      247       249 
      247       250 
      247       251 
      247       252 
      247       253 
      248       260 
      248       261 
      248       262 
      249       308 
      250       258 
      250       284 
      251       309 
      252       311 
      253       369 
      254       255 
      254       256 
      254       257 
      255       280 
      255       290 
      255       291 
      255       292 
      255       293 
      258       313 
      260       263 
      261       264 
      262       368 
      264       265 
      265       266 
      267       268 
      267       269 
      267       270 
      268       271 
      268       272 
      268       273 
      269       274 
      271       280 
      271       281 
      271       282 
      271       283 
      272       284 
      272       285 
      275       320 
      277       321 
      280       288 
      281       284 
      281       295 
      281       296 
      281       297 
      282       322 
      282       325 
      282       326 
      282       327 
      284       299 
      284       301 
      284       302 
      290       298 
      291       318 
      292       319 
      299       300 
      301       367 
      309       310 
      310       312 
      322       323 
      322       324 
      323       328 
      325       328 
      325       330 
      325       331 
      325       332 
      326       336 
      327       337 
      327       338 
      327       339 
      327       340 
      328       329 
      329       333 
      329       334 
      330       334 
      331       342 
      332       347 
      333       335 
      337       351 
      339       342 
      339       352 
      342       343 
      342       344 
      342       345 
      342       346 
      343       354 
      344       355 
      345       356 
      347       357 
      349       350 
      360       374 
      360       375 
      361       362 
      362       363 
      368       412 
      368       437 
      368       462 
      368       519 
      369       411 
      369       437 
      370       509 
      370       510 
      370       511 
      371       440 
      371       512 
      371       513 
      372       373 
      372       516 
      373       517 
      373       518 
      374       375 
      374       448 
      374       452 
      375       449 
      376       377 
      376       443 
      376       444 
      376       445 
      377       514 
      377       515 
      378       379 
      378       380 
      378       381 
      379       382 
      379       383 
      379       384 
      380       565 
      380       592 
      380       593 
      381       386 
      381       563 
      381       601 
      382       385 
      382       388 
      382       389 
      383       391 
      383       404 
      384       608 
      384       609 
      385       386 
      385       387 
      386       798 
      386       799 
      386       800 
      386       801 
      388       421 
      388       574 
      389       395 
      389       399 
      389       487 
      390       391 
      390       392 
      390       393 
      392       818 
      392       819 
      394       395 
      394       396 
      394       397 
      396       855 
      396       856 
      396       857 
      396       858 
      398       399 
      398       400 
      398       401 
      398       402 
      398       403 
      399       404 
      399       405 
      399       406 
      400       405 
      400       408 
      400       432 
      400       433 
      401       531 
      401       535 
      401       536 
      402       532 
      402       585 
      402       595 
      403       605 
      404       407 
      404       411 
      404       412 
      404       413 
      405       411 
      406       516 
      406       578 
      406       579 
      407       408 
      407       409 
      407       410 
      408       411 
      408       417 
      408       434 
      408       435 
      409       535 
      409       598 
      410       588 
      410       607 
      412       582 
      412       583 
      413       771 
      414       415 
      414       416 
      414       417 
      414       418 
      415       419 
      416       432 
      416       539 
      417       540 
      417       541 
      418       612 
      418       630 
      419       426 
      419       430 
      419       431 
      420       421 
      420       422 
      420       423 
      420       424 
      421       425 
      422       537 
      422       563 
      422       564 
      423       520 
      423       540 
      423       610 
      423       622 
      424       610 
      424       617 
      425       632 
      426       427 
      426       428 
      426       429 
      427       568 
      427       569 
      427       570 
      427       571 
      428       612 
      428       614 
      428       615 
      429       614 
      429       616 
      430       516 
      430       576 
      430       577 
      431       576 
      431       633 
      432       665 
      432       672 
      433       685 
      434       643 
      434       655 
      435       684 
      436       437 
      436       438 
      436       439 
      436       440 
      436       441 
      437       442 
      438       546 
      438       637 
      439       640 
      439       669 
      439       670 
      440       651 
      440       689 
      441      1129 
      441      1130 
      441      1131 
      441      1132 
      441      1133 
      441      1134 
      442       578 
      442       698 
      442       699 
      442       700 
      443       446 
      443       447 
      444       736 
      444       737 
      444       738 
      445      1221 
      446       480 
      446       575 
      447       471 
      448       449 
      448       450 
      448       451 
      449       453 
      449       454 
      449       455 
      449       456 
      449       457 
      450       715 
      450       716 
      451      1241 
      451      1242 
      451      1243 
      452       743 
      452       744 
      453       473 
      453       701 
      453       702 
      453       703 
      454       544 
      454       701 
      455       544 
      455       707 
      455       708 
      455       709 
      456       514 
      456       718 
      456       719 
      457      1237 
      457      1238 
      457      1239 
      457      1240 
      458       459 
      458       460 
      458       461 
      459       462 
      460      1252 
      460      1253 
      460      1254 
      460      1255 
      462       572 
      462       573 
      463       464 
      463       465 
      463       466 
      463       467 
      463       468 
      463       469 
      465       537 
      465       538 
      466       472 
      466       525 
      466       549 
      466       553 
      467       491 
      467       553 
      467       554 
      468       473 
      468       525 
      468       531 
      468       729 
      469      1265 
      469      1266 
      469      1267 
      469      1268 
      470       471 
      470       472 
      470       473 
      470       474 
      470       475 
      471       476 
      471       477 
      471       478 
      472       714 
      473       476 
      473       561 
      474       730 
      475       704 
      476      1275 
      476      1276 
      476      1277 
      476      1278 
      476      1279 
      477      1280 
      477      1281 
      477      1282 
      477      1283 
      479       480 
      479       481 
      480       482 
      481       558 
      481       747 
      481       751 
      482       757 
      483       484 
      483       485 
      483       486 
      484       487 
      484       488 
      484       489 
      485      1333 
      485      1334 
      485      1335 
      485      1336 
      485      1337 
      487       490 
      487       494 
      487       495 
      488       499 
      488       758 
      488       759 
      489       757 
      489       758 
      489       760 
      489       761 
      490       491 
      490       492 
      490       493 
      491       752 
      492       754 
      492       756 
      493       496 
      493      1355 
      493      1356 
      493      1357 
      494       496 
      494       497 
      496       752 
      496      1361 
      496      1362 
      496      1363 
      498       499 
      498       500 
      498       501 
      499       502 
      500       749 
      500      1375 
      500      1376 
      500      1377 
      500      1378 
      502       503 
      503       504 
      504       550 
      504       565 
      504       566 
      505       506 
      506       507 
      506       508 
      507       619 
      507       623 
      508       924 
      508       961 
      508       962 
      508       963 
      509       646 
      509       647 
      509       648 
      509       649 
      511       678 
      511       687 
      512       642 
      512       693 
      513      1052 
      513      1053 
      513      1054 
      513      1055 
      513      1056 
      514       722 
      514       723 
      514       724 
      515       732 
      515       733 
      515       734 
      515       735 
      517       576 
      517       635 
      518       912 
      518       913 
      518       914 
      519       980 
      519       985 
      520       521 
      520       522 
      521       523 
      521       524 
      522       540 
      522       610 
      522       611 
      523       563 
      523       603 
      524       844 
      524       845 
      524       846 
      524       847 
      525       526 
      525       527 
      525       528 
      526       529 
      527       530 
      527       531 
      528      1210 
      529       584 
      529       590 
      530       532 
      530       533 
      531       534 
      532       604 
      533       879 
      533       880 
      533       881 
      533       882 
      534      1151 
      534      1152 
      534      1153 
      534      1154 
      535       585 
      535       599 
      536       835 
      536       836 
      536       837 
      536       838 
      537       594 
      538       839 
      538       840 
      538       841 
      539       649 
      540       629 
      541       631 
      542       543 
      542       544 
      542       545 
      543       546 
      543       547 
      543       548 
      544       706 
      545      1310 
      545      1311 
      545      1312 
      545      1313 
      547       981 
      547       990 
      547       991 
      547       992 
      547       993 
      547       994 
      547       995 
      548       980 
      548       996 
      548       997 
      548       998 
      548       999 
      548      1000 
      549       550 
      549       551 
      549       552 
      550       749 
      551       552 
      551       754 
      552      1394 
      552      1395 
      552      1396 
      552      1397 
      553       555 
      553       556 
      553       557 
      554      1364 
      554      1370 
      554      1371 
      554      1372 
      554      1373 
      554      1374 
      555       747 
      555       748 
      556       753 
      557      1364 
      557      1365 
      558       559 
      558       560 
      559       561 
      559       562 
      560       751 
      560      1402 
      560      1403 
      560      1404 
      560      1405 
      561       731 
      562      1272 
      562      1273 
      562      1274 
      563       584 
      563       600 
      564       810 
      564       815 
      564       816 
      564       817 
      564       818 
      565       567 
      566       749 
      566      1378 
      566      1382 
      566      1383 
      566      1384 
      567       827 
      567       828 
      567       829 
      567       830 
      568       648 
      568       658 
      568       659 
      569       647 
      569       667 
      569       668 
      571      1031 
      571      1032 
      571      1033 
      571      1034 
      572       743 
      572       745 
      573      1256 
      573      1257 
      573      1258 
      573      1259 
      573      1260 
      574       633 
      574       636 
      575      1328 
      575      1329 
      575      1330 
      575      1331 
      575      1332 
      576       578 
      576       580 
      577      1031 
      577      1105 
      577      1106 
      577      1107 
      577      1108 
      577      1109 
      577      1110 
      578       581 
      579      1114 
      579      1115 
      579      1116 
      579      1117 
      580       635 
      580       951 
      580       952 
      580       953 
      581      1111 
      581      1112 
      581      1113 
      582       864 
      582       865 
      582       866 
      582       867 
      583       868 
      584       585 
      584       586 
      584       587 
      585       588 
      585       589 
      586       602 
      587       802 
      587       803 
      588       591 
      589       783 
      589       784 
      589       785 
      589       786 
      589       787 
      590       859 
      590       860 
      590       861 
      590       862 
      590       863 
      591       853 
      591       854 
      592       596 
      592       597 
      593       824 
      593       825 
      593       826 
      594       842 
      594       843 
      595       788 
      595       789 
      595       790 
      595       791 
      596       775 
      597       778 
      597       779 
      598       606 
      599       787 
      599       831 
      599       832 
      599       833 
      599       834 
      600       810 
      600       811 
      601       792 
      601       793 
      602       873 
      602       874 
      603       848 
      603       849 
      603       850 
      603       851 
      604       785 
      604       875 
      604       876 
      604       877 
      604       878 
      605       763 
      605       764 
      605       765 
      606       766 
      606       767 
      606       768 
      606       769 
      606       770 
      607       764 
      607       852 
      608       820 
      608       821 
      608       822 
      608       823 
      611       629 
      611       946 
      611       947 
      611       948 
      611       949 
      611       950 
      612       613 
      613       630 
      613       935 
      613       936 
      613       937 
      614       625 
      614       626 
      615       931 
      615       932 
      615       933 
      615       934 
      616       617 
      616       618 
      617       619 
      617       620 
      618       628 
      619       621 
      620       883 
      620       884 
      620       885 
      620       886 
      620       887 
      620       888 
      621       921 
      621       922 
      621       923 
      621       924 
      622       901 
      622       902 
      622       903 
      622       904 
      622       905 
      623       624 
      624       896 
      624       897 
      624       898 
      624       899 
      624       900 
      625       627 
      626       892 
      626       893 
      626       894 
      626       895 
      627       635 
      627       889 
      627       890 
      627       891 
      628       957 
      628       958 
      628       959 
      628       960 
      629       942 
      629       943 
      629       944 
      629       945 
      630       938 
      630       939 
      630       940 
      630       941 
      631       906 
      631       907 
      631       908 
      631       909 
      631       910 
      631       911 
      632       887 
      632       915 
      632       916 
      632       917 
      632       918 
      632       919 
      632       920 
      633       634 
      634       925 
      634       926 
      634       927 
      634       928 
      634       929 
      635       954 
      635       955 
      635       956 
      636       930 
      637       671 
      637       978 
      637      1029 
      637      1030 
      638       639 
      638       640 
      638       641 
      639       642 
      639       643 
      639       644 
      640       671 
      641       977 
      641       978 
      641       979 
      642       645 
      643       646 
      643       653 
      643       654 
      644      1061 
      644      1062 
      644      1063 
      644      1064 
      644      1065 
      645      1015 
      645      1016 
      645      1017 
      645      1018 
      645      1019 
      645      1020 
      646       650 
      647       665 
      647       666 
      648       673 
      650       651 
      650       652 
      651       692 
      652      1008 
      652      1009 
      652      1010 
      652      1011 
      652      1012 
      653       675 
      653       695 
      654      1057 
      654      1058 
      654      1059 
      654      1060 
      655       656 
      655       657 
      656       685 
      656       686 
      657      1146 
      657      1147 
      657      1148 
      657      1149 
      657      1150 
      658       663 
      658       665 
      658       674 
      658       675 
      659      1099 
      659      1100 
      659      1101 
      659      1102 
      659      1103 
      659      1104 
      660       661 
      660       662 
      661       663 
      661       664 
      662       690 
      664       970 
      664      1084 
      664      1085 
      664      1086 
      664      1087 
      665       681 
      666      1096 
      666      1097 
      666      1098 
      668      1035 
      668      1036 
      668      1037 
      669       690 
      669       691 
      670      1135 
      670      1136 
      670      1137 
      671       975 
      671       976 
      672      1066 
      672      1067 
      672      1068 
      672      1069 
      672      1070 
      673       682 
      673       696 
      674       676 
      675       694 
      676       677 
      676       680 
      677       678 
      677       679 
      678       688 
      679      1042 
      679      1043 
      679      1044 
      679      1045 
      679      1046 
      679      1047 
      680       970 
      680       971 
      680       972 
      680       973 
      680       974 
      681       682 
      681       683 
      682       697 
      683      1071 
      683      1072 
      683      1073 
      683      1074 
      683      1075 
      683      1076 
      683      1077 
      683      1078 
      684       964 
      684       965 
      684       966 
      684       967 
      684       968 
      684       969 
      686      1138 
      686      1139 
      686      1140 
      686      1141 
      686      1142 
      686      1143 
      686      1144 
      686      1145 
      688      1038 
      688      1039 
      688      1040 
      688      1041 
      689      1048 
      689      1049 
      689      1050 
      689      1051 
      691      1079 
      691      1080 
      691      1081 
      691      1082 
      691      1083 
      692      1001 
      692      1002 
      692      1003 
      692      1004 
      692      1005 
      692      1006 
      692      1007 
      693      1021 
      693      1022 
      693      1023 
      693      1024 
      693      1025 
      693      1026 
      693      1027 
      693      1028 
      694      1013 
      694      1014 
      696      1123 
      696      1124 
      696      1125 
      696      1126 
      696      1127 
      696      1128 
      697      1073 
      697      1118 
      697      1119 
      697      1120 
      697      1121 
      697      1122 
      698      1088 
      698      1089 
      698      1090 
      698      1091 
      699      1092 
      699      1093 
      699      1094 
      699      1095 
      701       704 
      701       705 
      702       725 
      702       742 
      703      1284 
      703      1285 
      703      1286 
      703      1287 
      703      1288 
      703      1289 
      703      1290 
      704       717 
      705      1291 
      705      1292 
      705      1293 
      705      1294 
      705      1295 
      705      1296 
      705      1297 
      705      1298 
      705      1299 
      706      1160 
      706      1303 
      706      1304 
      706      1305 
      706      1306 
      707       710 
      707       711 
      708       720 
      708       741 
      709      1155 
      709      1307 
      709      1308 
      709      1309 
      710       712 
      710       713 
      711      1164 
      712      1199 
      712      1200 
      712      1201 
      712      1202 
      712      1203 
      713      1204 
      713      1205 
      713      1206 
      713      1207 
      713      1208 
      713      1209 
      714      1184 
      714      1185 
      714      1186 
      715       720 
      716      1165 
      716      1166 
      716      1167 
      716      1168 
      716      1169 
      716      1170 
      716      1171 
      716      1172 
      717      1222 
      717      1223 
      717      1224 
      717      1225 
      717      1226 
      717      1227 
      717      1228 
      718       725 
      718       726 
      718       727 
      719      1233 
      719      1234 
      719      1235 
      719      1236 
      720       721 
      721      1159 
      721      1160 
      721      1161 
      721      1162 
      721      1163 
      722      1192 
      722      1193 
      722      1194 
      722      1195 
      723      1196 
      723      1197 
      723      1198 
      725       728 
      727      1229 
      727      1230 
      727      1231 
      727      1232 
      728      1314 
      728      1315 
      728      1316 
      728      1317 
      728      1318 
      728      1319 
      728      1320 
      729      1211 
      729      1212 
      729      1213 
      730      1300 
      730      1301 
      730      1302 
      731      1269 
      731      1270 
      731      1271 
      732       736 
      732       740 
      733      1244 
      733      1245 
      733      1246 
      733      1247 
      734      1248 
      734      1249 
      734      1250 
      734      1251 
      736       739 
      737      1187 
      737      1188 
      737      1189 
      737      1190 
      737      1191 
      739       740 
      741      1155 
      741      1156 
      741      1157 
      741      1158 
      742      1321 
      742      1322 
      742      1323 
      742      1324 
      742      1325 
      743       746 
      744      1173 
      744      1174 
      744      1175 
      744      1176 
      744      1177 
      745      1261 
      745      1262 
      745      1263 
      745      1264 
      746      1178 
      746      1179 
      746      1180 
      746      1181 
      746      1182 
      746      1183 
      747       750 
      748      1344 
      748      1345 
      748      1346 
      748      1347 
      749      1379 
      749      1380 
      749      1381 
      750      1348 
      750      1349 
      750      1350 
      750      1351 
      750      1352 
      750      1353 
      750      1354 
      751      1406 
      751      1407 
      752      1358 
      752      1359 
      752      1360 
      753      1326 
      753      1327 
      754       755 
      755       756 
      755      1388 
      756      1389 
      756      1390 
      756      1391 
      756      1392 
      756      1393 
      757       762 
      759      1338 
      759      1339 
      759      1340 
      759      1341 
      759      1342 
      759      1343 
      760       761 
      760      1344 
      760      1398 
      760      1399 
      761      1400 
      761      1401 
      762      1385 
      762      1386 
      762      1387 
      763      1801 
      765      1781 
      766       773 
      766      1800 
      767      1800 
      768       853 
      769      1767 
      771       772 
      771       773 
      771       774 
      772      1780 
      773      1806 
      774      1873 
      774      1874 
      775       776 
      775       777 
      776      1853 
      777      1513 
      778       780 
      778       781 
      778       782 
      780      1845 
      780      1846 
      781      1606 
      782      1851 
      783      1587 
      784      1747 
      784      1748 
      786      1748 
      788      1588 
      789      1594 
      790      1746 
      791      1749 
      792       794 
      792       795 
      792       796 
      792       797 
      795      1568 
      796      1673 
      797      1627 
      797      1677 
      798       801 
      798      1561 
      798      1564 
      798      1565 
      799      1567 
      800      1569 
      802       804 
      802       805 
      802       806 
      802       807 
      802       808 
      802       809 
      804       861 
      805      1641 
      806      1643 
      807      1659 
      808      1624 
      809      1692 
      810       812 
      810       813 
      810       814 
      812      1655 
      813      1658 
      815      1556 
      816      1657 
      817      1670 
      818      1635 
      819      1641 
      819      1642 
      820      1552 
      820      1553 
      820      1554 
      820      1555 
      821      1834 
      821      1837 
      821      1839 
      822      1864 
      823      1840 
      824      1577 
      825      1604 
      825      1605 
      826      1598 
      827      1602 
      827      1603 
      828      1734 
      828      1735 
      829      1574 
      829      1739 
      830      1744 
      831      1747 
      832      1597 
      833       834 
      835      1589 
      836      1760 
      836      1761 
      837      1746 
      838      1745 
      839      1815 
      839      1816 
      840      1829 
      841      1810 
      842      1812 
      845      1570 
      846      1624 
      847      1625 
      848      1440 
      850      1694 
      851      1665 
      852      1764 
      854      1796 
      854      1799 
      855      1620 
      855      1813 
      855      1814 
      856      1823 
      858      1825 
      859      1586 
      860      1612 
      862      1616 
      862      1618 
      862      1619 
      863      1771 
      864      1786 
      867      1429 
      868       869 
      868       870 
      868       871 
      868       872 
      869      1425 
      869      1427 
      870      1499 
      873      1693 
      874      1649 
      875      1755 
      876      1756 
      876      1758 
      877      1593 
      879      1417 
      880      1751 
      883       888 
      883      1887 
      883      1930 
      883      1931 
      884      1933 
      885      1935 
      886       917 
      886      1941 
      887      1938 
      888      1939 
      889      1454 
      889      1891 
      889      1917 
      889      1919 
      889      1920 
      890       954 
      891      1987 
      892       894 
      892      1977 
      892      1978 
      893      1979 
      894       932 
      894      1977 
      894      1980 
      895      1998 
      896      1885 
      896      1886 
      897      1908 
      898      1886 
      898      1951 
      898      1952 
      898      1953 
      899      1951 
      899      1958 
      900      1963 
      901      1441 
      902      1488 
      902      1489 
      903      1494 
      903      1495 
      903      1496 
      903      1497 
      904      1440 
      906      2023 
      907       938 
      908      2028 
      909      2029 
      910       911 
      912      1989 
      912      1990 
      913      2000 
      915      1887 
      916       918 
      916      1937 
      916      1938 
      916      1939 
      916      1940 
      918      1945 
      919      1922 
      921      1926 
      922      1886 
      923      1896 
      923      1954 
      924      1955 
      924      1956 
      925       928 
      925      1878 
      925      1898 
      925      1899 
      925      1900 
      925      1901 
      926      1902 
      926      1903 
      927      1907 
      929      2014 
      931      1451 
      932      1526 
      932      1529 
      933      1904 
      933      1985 
      933      1986 
      934      1904 
      935      2031 
      936      2032 
      937      2030 
      938      1519 
      938      2027 
      939      2028 
      942      2005 
      943      2012 
      944      2019 
      945      2009 
      946      1876 
      946      1878 
      947      2008 
      947      2009 
      948      1503 
      949      1899 
      949      2014 
      949      2015 
      949      2016 
      949      2017 
      949      2018 
      951      1971 
      952      1981 
      953      1984 
      954      1909 
      954      1911 
      955      1980 
      956      1983 
      956      1984 
      957      1895 
      958      1898 
      958      1975 
      959      1979 
      960      2002 
      961      1957 
      962      1966 
      963      1967 
      963      1968 
      964      2045 
      964      2259 
      964      2260 
      964      2261 
      964      2262 
      965      2267 
      967      2278 
      968      1142 
      970      2076 
      970      2077 
      971      2226 
      973      2536 
      973      2553 
      975      2049 
      975      2050 
      976      2689 
      976      2690 
      977      2051 
      977      2052 
      978      2057 
      979      2733 
      980       981 
      980       982 
      980       983 
      980       984 
      981      2192 
      981      2686 
      981      2697 
      981      2698 
      981      2699 
      982      2715 
      983      1463 
      983      2731 
      984      2732 
      985       986 
      985       987 
      985       988 
      985       989 
      986      2192 
      986      2703 
      986      2704 
      987       995 
      988      2723 
      989      2730 
      990      1462 
      990      2687 
      991      2696 
      993      2701 
      993      2702 
      994      2676 
      996      2664 
      997      2694 
      997      2695 
      999      2675 
      999      2700 
     1000      2728 
     1001      2459 
     1001      2460 
     1002      2462 
     1002      2463 
     1003      2053 
     1003      2465 
     1004      2058 
     1004      2466 
     1007      2852 
     1007      2853 
     1008      2467 
     1008      2468 
     1009      2433 
     1009      2483 
     1009      2484 
     1009      2485 
     1009      2486 
     1010      2487 
     1010      2491 
     1011      2492 
     1011      2493 
     1012      2497 
     1013      2639 
     1014      2629 
     1015      2142 
     1017      2158 
     1018      2541 
     1018      2542 
     1020      2148 
     1021      1022 
     1021      2136 
     1021      2137 
     1021      2138 
     1022      1064 
     1022      2140 
     1022      2141 
     1026      2480 
     1026      2515 
     1027      2867 
     1029      2053 
     1029      2054 
     1030      2191 
     1031      2816 
     1032      2048 
     1033      2826 
     1035      1105 
     1035      2817 
     1035      2818 
     1035      2819 
     1036      2833 
     1037      2834 
     1038      2302 
     1039      2312 
     1039      2327 
     1040      2326 
     1041      2170 
     1042      1085 
     1043      2308 
     1044      2318 
     1045      2175 
     1045      2305 
     1046      2334 
     1048      2360 
     1048      2467 
     1050      2490 
     1050      2551 
     1051      2509 
     1051      2839 
     1052      2354 
     1053      2368 
     1054      2557 
     1054      2558 
     1055      2560 
     1056      2353 
     1057      2078 
     1057      2079 
     1058      2089 
     1058      2093 
     1059      1115 
     1059      2166 
     1059      2167 
     1060      2578 
     1061      2094 
     1061      2095 
     1062      2099 
     1062      2100 
     1064      2139 
     1065      2136 
     1066      2162 
     1066      2163 
     1066      2164 
     1067      2241 
     1068      2167 
     1070      2595 
     1071      2740 
     1071      2741 
     1072      1525 
     1073      2748 
     1074      2105 
     1074      2756 
     1074      2757 
     1074      2758 
     1074      2759 
     1074      2760 
     1074      2761 
     1078      1449 
     1079      2177 
     1080      2178 
     1081      2381 
     1082      2382 
     1082      2383 
     1083      2851 
     1083      2871 
     1084      2296 
     1084      2297 
     1086      2068 
     1086      2329 
     1087      2332 
     1088      2061 
     1088      2065 
     1088      2066 
     1088      2067 
     1089      2063 
     1090      2393 
     1090      2394 
     1091      2399 
     1091      2400 
     1091      2401 
     1092      2402 
     1093      2461 
     1093      2464 
     1094      2421 
     1095      2445 
     1096      2105 
     1097      2564 
     1097      2566 
     1097      2567 
     1098      2610 
     1098      2611 
     1099      2742 
     1100      2743 
     1101      2747 
     1102      2214 
     1102      2771 
     1103      2077 
     1103      2773 
     1103      2778 
     1103      2781 
     1104      2740 
     1105      2240 
     1105      2243 
     1105      2245 
     1105      2246 
     1106      2247 
     1106      2248 
     1106      2249 
     1106      2250 
     1107      2827 
     1109      2233 
     1110      2229 
     1112      2568 
     1113      2643 
     1114      2561 
     1114      2562 
     1114      2563 
     1115      2644 
     1117      2660 
     1117      2661 
     1120      1127 
     1120      2751 
     1120      2752 
     1120      2753 
     1121      2761 
     1123      2749 
     1126      2756 
     1127      2766 
     1129      2414 
     1129      2447 
     1130      2453 
     1130      2455 
     1131      2450 
     1132      2388 
     1133      2405 
     1134      2859 
     1135      2251 
     1136      2439 
     1137      2446 
     1138      1433 
     1138      1434 
     1139      2254 
     1139      2258 
     1140      1446 
     1141      2275 
     1141      2276 
     1143      2292 
     1144      2272 
     1144      2293 
     1145      2269 
     1146      2081 
     1147      2266 
     1148      2273 
     1148      2274 
     1149      2085 
     1150      2280 
     1151      1419 
     1151      1420 
     1152      3040 
     1152      3041 
     1152      3042 
     1153      3048 
     1154      1416 
     1155      3125 
     1156      1162 
     1156      3127 
     1157      3132 
     1159      3120 
     1159      3121 
     1160      3126 
     1161      3128 
     1161      3129 
     1162      1169 
     1162      3130 
     1166      3157 
     1167      3158 
     1170      3159 
     1173      1204 
     1173      1309 
     1173      2949 
     1173      2954 
     1173      2955 
     1173      2956 
     1174      3179 
     1175      3186 
     1176      3165 
     1177      1264 
     1178      2986 
     1179      3176 
     1179      3177 
     1180      2980 
     1180      3178 
     1181      3155 
     1183      3175 
     1183      3187 
     1184      3001 
     1184      3004 
     1184      3005 
     1185      2998 
     1186      1280 
     1186      3015 
     1187      3081 
     1187      3083 
     1187      3086 
     1190      3088 
     1190      3089 
     1190      3090 
     1191      3085 
     1192      2890 
     1193      2893 
     1194      2914 
     1194      3071 
     1195      3074 
     1196      2896 
     1197      3072 
     1197      3073 
     1198      3076 
     1200      2966 
     1200      2967 
     1201      2972 
     1201      2982 
     1202      2984 
     1204      2957 
     1205      1261 
     1205      2958 
     1206      2969 
     1207      2976 
     1208      2985 
     1209      2988 
     1210      3059 
     1210      3060 
     1211      1470 
     1211      1472 
     1211      1473 
     1211      1474 
     1211      1475 
     1212      1476 
     1213      2933 
     1214      1215 
     1214      1216 
     1214      1217 
     1214      1218 
     1214      1219 
     1215      1220 
     1216      3048 
     1217      3067 
     1218      1480 
     1219      3050 
     1221      2884 
     1221      2885 
     1221      2886 
     1222      2931 
     1223      2900 
     1223      2996 
     1224      3022 
     1225      3027 
     1227      3031 
     1229      2913 
     1230      3193 
     1231      3196 
     1233      3195 
     1234      3191 
     1234      3198 
     1235      3197 
     1236      2915 
     1237      3141 
     1238      2908 
     1238      3144 
     1238      3145 
     1239      1242 
     1239      3147 
     1239      3148 
     1240      3150 
     1241      2908 
     1241      3146 
     1242      3149 
     1244      2891 
     1245      3078 
     1245      3079 
     1245      3080 
     1246      3093 
     1246      3102 
     1246      3104 
     1248      3083 
     1249      2901 
     1250      3091 
     1251      3107 
     1252      3045 
     1252      3046 
     1253      2918 
     1253      2919 
     1253      3044 
     1253      3047 
     1254      3055 
     1255      3058 
     1256      2917 
     1256      2940 
     1256      2942 
     1257      2965 
     1257      2970 
     1258      2976 
     1259      2920 
     1260      2979 
     1262      2973 
     1263      2978 
     1265      1465 
     1266      1466 
     1266      1467 
     1266      1468 
     1266      1469 
     1267      3056 
     1267      3057 
     1268      3059 
     1269      2992 
     1270      1273 
     1270      3018 
     1271      3035 
     1272      3006 
     1273      3019 
     1274      3020 
     1275      2887 
     1275      2897 
     1275      2989 
     1276      3014 
     1277      3026 
     1279      3013 
     1280      2995 
     1281      3022 
     1282      3038 
     1283      1302 
     1287      3169 
     1288      3173 
     1292      3160 
     1292      3161 
     1294      3172 
     1298      3175 
     1299      3168 
     1299      3180 
     1300      3017 
     1301      3023 
     1302      3034 
     1302      3039 
     1303      3120 
     1304      2947 
     1305      2951 
     1305      3122 
     1306      3123 
     1306      3124 
     1307      3111 
     1307      3117 
     1308      2948 
     1310      2988 
     1311      3108 
     1311      3109 
     1312      3110 
     1312      3111 
     1312      3112 
     1312      3113 
     1313      3119 
     1314      2923 
     1315      2924 
     1317      3171 
     1318      3183 
     1318      3184 
     1321      2899 
     1322      2943 
     1324      3174 
     1324      3185 
     1325      3178 
     1326      3263 
     1326      3265 
     1326      3266 
     1327      1547 
     1328      3243 
     1329      3213 
     1329      3355 
     1330      3359 
     1331      3357 
     1333      3235 
     1333      3241 
     1334      3317 
     1334      3318 
     1335      3245 
     1335      3323 
     1335      3324 
     1336      3338 
     1337      1338 
     1338      1348 
     1338      3310 
     1339      1353 
     1339      3322 
     1340      3336 
     1341      1350 
     1343      3239 
     1344      3311 
     1344      3315 
     1345      3314 
     1346      3318 
     1349      3316 
     1350      3325 
     1350      3326 
     1350      3327 
     1351      3328 
     1351      3329 
     1352      3335 
     1354      3341 
     1355      3221 
     1356      1537 
     1357      3202 
     1358      3207 
     1359      3289 
     1360      3291 
     1361      3200 
     1361      3201 
     1361      3202 
     1361      3203 
     1362      3221 
     1363      3223 
     1364      1366 
     1364      1367 
     1364      1368 
     1364      1369 
     1366      3207 
     1367      3251 
     1368      3258 
     1370      3257 
     1371      3264 
     1372      3262 
     1375      3346 
     1376      3347 
     1376      3348 
     1377      1408 
     1378      3219 
     1378      3349 
     1379      1531 
     1380      3247 
     1381      3351 
     1382      1551 
     1382      3343 
     1383      3344 
     1383      3345 
     1385      3211 
     1386      3243 
     1387      3302 
     1387      3303 
     1389      1390 
     1389      3286 
     1389      3287 
     1390      3288 
     1391      3290 
     1392      3299 
     1394      1476 
     1395      3295 
     1396      3280 
     1397      3300 
     1398      3208 
     1399      3321 
     1400      3242 
     1401      3331 
     1402      3213 
     1402      3214 
     1403      3301 
     1403      3303 
     1403      3305 
     1404      3303 
     1405      3306 
     1406      3215 
     1406      3216 
     1407      3227 
     1408      1409 
     1408      1410 
     1409      1411 
     1410      1518 
     1411      1821 
     1412      1413 
     1412      1414 
     1413      1415 
     1414      3061 
     1415      1418 
     1415      1820 
     1416      1417 
     1417      1418 
     1419      1590 
     1421      1422 
     1421      1423 
     1421      1424 
     1423      3040 
     1424      3063 
     1425      1426 
     1426      1490 
     1427      1492 
     1427      1493 
     1428      1429 
     1428      1430 
     1428      1431 
     1428      1432 
     1430      2263 
     1430      2264 
     1431      2288 
     1432      1492 
     1435      1436 
     1435      1437 
     1436      1438 
     1436      1439 
     1437      2026 
     1438      1503 
     1438      1504 
     1439      1764 
     1439      1788 
     1441      1442 
     1442      1927 
     1443      1444 
     1443      1445 
     1444      1446 
     1444      1447 
     1445      1486 
     1447      1485 
     1448      1449 
     1448      1450 
     1450      2036 
     1450      2040 
     1451      2837 
     1452      1453 
     1452      1454 
     1453      1455 
     1453      1456 
     1455      1545 
     1455      2046 
     1455      2047 
     1455      2048 
     1457      1458 
     1457      1459 
     1458      1460 
     1459      2232 
     1460      1544 
     1460      1996 
     1460      1997 
     1461      1462 
     1462      1463 
     1462      1464 
     1463      2665 
     1464      2729 
     1465      1466 
     1466      3253 
     1466      3254 
     1467      1481 
     1468      3252 
     1468      3269 
     1469      3277 
     1470      1471 
     1471      3226 
     1472      1481 
     1472      1482 
     1473      2936 
     1473      2937 
     1476      1479 
     1476      3281 
     1477      1478 
     1477      1479 
     1478      1480 
     1479      3275 
     1479      3276 
     1481      3267 
     1483      1484 
     1483      1485 
     1483      1486 
     1484      1487 
     1485      2284 
     1487      2031 
     1488      1510 
     1488      1511 
     1489      1721 
     1489      1743 
     1490      1491 
     1491      2197 
     1493      1792 
     1494      1498 
     1495      1539 
     1496      2007 
     1497      1542 
     1497      2011 
     1498      1711 
     1499      1500 
     1500      1501 
     1500      1502 
     1501      2045 
     1505      1506 
     1505      1507 
     1506      1508 
     1506      1509 
     1507      1946 
     1508      1530 
     1509      1539 
     1510      1511 
     1510      1946 
     1511      1947 
     1512      1513 
     1512      1514 
     1512      1515 
     1512      1516 
     1513      1517 
     1514      1550 
     1514      1551 
     1515      3347 
     1516      3353 
     1517      1870 
     1518      1538 
     1518      1824 
     1519      1520 
     1520      1521 
     1521      1803 
     1522      1523 
     1522      1524 
     1523      1525 
     1524      2653 
     1526      1527 
     1526      1528 
     1527      2047 
     1529      1986 
     1530      1940 
     1531      1532 
     1532      1606 
     1533      1534 
     1533      1535 
     1533      1536 
     1533      1537 
     1534      1538 
     1535      3222 
     1536      3285 
     1540      1541 
     1540      1542 
     1541      1543 
     1543      1594 
     1544      1545 
     1545      1546 
     1547      1548 
     1548      1549 
     1553      1840 
     1554      1833 
     1554      1839 
     1554      1842 
     1554      1844 
     1555      1857 
     1555      1858 
     1556      1720 
     1557      1558 
     1557      1559 
     1558      1560 
     1559      1732 
     1559      1733 
     1560      1647 
     1561      1562 
     1561      1563 
     1562      1566 
     1564      1652 
     1565      1622 
     1566      1716 
     1567      1707 
     1567      1741 
     1569      1738 
     1570      1580 
     1571      1572 
     1571      1573 
     1572      1574 
     1573      1576 
     1575      1576 
     1575      1577 
     1576      1578 
     1577      1579 
     1578      1623 
     1578      1717 
     1578      1718 
     1579      1821 
     1579      1822 
     1580      1777 
     1581      1582 
     1581      1583 
     1582      1584 
     1582      1585 
     1583      1837 
     1584      1714 
     1585      1710 
     1585      1721 
     1586      1719 
     1587      1787 
     1589      1590 
     1590      1778 
     1591      1592 
     1592      1593 
     1595      1596 
     1596      1597 
     1598      1599 
     1598      1600 
     1599      1601 
     1600      1715 
     1600      1724 
     1601      1864 
     1602      1605 
     1602      1848 
     1603      1843 
     1604      1606 
     1607      1608 
     1607      1609 
     1608      1610 
     1608      1611 
     1609      1812 
     1610      1717 
     1611      1732 
     1612      1814 
     1613      1614 
     1613      1615 
     1614      1616 
     1614      1617 
     1615      1818 
     1617      1808 
     1618      1620 
     1621      1622 
     1621      1623 
     1625      1626 
     1625      1627 
     1625      1628 
     1625      1629 
     1627      1678 
     1628      1660 
     1629      1696 
     1630      1631 
     1630      1632 
     1631      1633 
     1632      1690 
     1633      1634 
     1634      1635 
     1634      1636 
     1637      1638 
     1638      1639 
     1638      1640 
     1639      1676 
     1640      1700 
     1642      1685 
     1642      1686 
     1643      1671 
     1644      1645 
     1644      1646 
     1644      1647 
     1645      1648 
     1645      1649 
     1646      1687 
     1646      1688 
     1647      1700 
     1648      1671 
     1650      1651 
     1650      1652 
     1650      1653 
     1650      1654 
     1651      1655 
     1651      1656 
     1653      1672 
     1654      1690 
     1656      1691 
     1657      1684 
     1658      1667 
     1659      1661 
     1660      1661 
     1661      1662 
     1662      1679 
     1663      1664 
     1663      1665 
     1663      1666 
     1663      1667 
     1663      1668 
     1664      1669 
     1668      1701 
     1669      1684 
     1670      1694 
     1672      1681 
     1673      1674 
     1673      1675 
     1674      1676 
     1679      1696 
     1680      1681 
     1680      1682 
     1681      1683 
     1682      1701 
     1683      1702 
     1685      1695 
     1686      1705 
     1687      1689 
     1689      1695 
     1691      1704 
     1692      1697 
     1693      1703 
     1697      1698 
     1698      1699 
     1706      1707 
     1706      1708 
     1706      1709 
     1708      1710 
     1710      1742 
     1711      1712 
     1713      1714 
     1713      1715 
     1716      1722 
     1716      1723 
     1718      1732 
     1719      1720 
     1723      1727 
     1724      1725 
     1724      1726 
     1726      1737 
     1727      1730 
     1728      1729 
     1728      1730 
     1729      1731 
     1731      1740 
     1734      1736 
     1736      1737 
     1745      1746 
     1749      1750 
     1750      1751 
     1750      1752 
     1753      1754 
     1753      1755 
     1754      1756 
     1755      1757 
     1758      1759 
     1759      1760 
     1759      1763 
     1760      1762 
     1764      1765 
     1766      1767 
     1766      1768 
     1766      1769 
     1768      1770 
     1770      1798 
     1771      1775 
     1772      1773 
     1772      1774 
     1773      1775 
     1774      1776 
     1776      1777 
     1778      1782 
     1778      1785 
     1779      1780 
     1779      1781 
     1782      1783 
     1783      1784 
     1784      1792 
     1785      1786 
     1787      1789 
     1788      1802 
     1789      1790 
     1790      1791 
     1792      1807 
     1793      1794 
     1793      1795 
     1794      1796 
     1795      1797 
     1801      1804 
     1802      1803 
     1804      1805 
     1809      1810 
     1810      1811 
     1811      1817 
     1812      1828 
     1816      1830 
     1817      1818 
     1818      1819 
     1822      1827 
     1822      1831 
     1823      1824 
     1825      1826 
     1826      1827 
     1829      1830 
     1832      1833 
     1832      1834 
     1833      1835 
     1833      1836 
     1835      1841 
     1837      1838 
     1838      1841 
     1842      1843 
     1844      1869 
     1845      1847 
     1847      1869 
     1848      1849 
     1849      1864 
     1850      1851 
     1850      1852 
     1852      1868 
     1852      1871 
     1853      1854 
     1853      1856 
     1854      1855 
     1855      1866 
     1856      1862 
     1857      1859 
     1859      1860 
     1860      1861 
     1861      1863 
     1862      1863 
     1864      1865 
     1866      1867 
     1867      1868 
     1868      1872 
     1870      1871 
     1873      1875 
     1876      1877 
     1877      1927 
     1879      1880 
     1879      1881 
     1879      1882 
     1880      1883 
     1880      1884 
     1881      1949 
     1882      1897 
     1883      1972 
     1884      1891 
     1885      1887 
     1885      1888 
     1888      1908 
     1889      1890 
     1889      1891 
     1890      1892 
     1890      1893 
     1890      1894 
     1891      1926 
     1891      1973 
     1891      1974 
     1892      1931 
     1893      1934 
     1895      1896 
     1895      1897 
     1899      2019 
     1899      2021 
     1900      1901 
     1902      1973 
     1904      1905 
     1905      1906 
     1906      2035 
     1907      1985 
     1908      1937 
     1909      1910 
     1910      1916 
     1910      1961 
     1910      1962 
     1912      1913 
     1912      1914 
     1912      1915 
     1913      1916 
     1914      1991 
     1915      1999 
     1916      1948 
     1916      1960 
     1916      1961 
     1917      1918 
     1918      1925 
     1919      1981 
     1920      1982 
     1921      1922 
     1921      1923 
     1922      1924 
     1923      1952 
     1924      1946 
     1924      1947 
     1925      1991 
     1927      1928 
     1927      1929 
     1928      1932 
     1930      1936 
     1932      1933 
     1933      1934 
     1935      1936 
     1938      1942 
     1939      1943 
     1941      1942 
     1943      1944 
     1944      1945 
     1948      1949 
     1948      1950 
     1950      1957 
     1951      1959 
     1953      1963 
     1954      1955 
     1956      1965 
     1957      1964 
     1958      1959 
     1959      1970 
     1960      1969 
     1962      1969 
     1965      1966 
     1971      1972 
     1973      1976 
     1974      2004 
     1976      1998 
     1978      1985 
     1982      1983 
     1987      1988 
     1988      1993 
     1988      1994 
     1988      1995 
     1989      1990 
     1989      1991 
     1991      1992 
     1992      1999 
     1993      1996 
     1994      2000 
     2000      2001 
     2003      2004 
     2005      2006 
     2006      2007 
     2008      2010 
     2010      2011 
     2012      2013 
     2013      2038 
     2019      2020 
     2021      2022 
     2021      2023 
     2021      2024 
     2022      2025 
     2024      2037 
     2025      2026 
     2029      2030 
     2032      2033 
     2033      2034 
     2034      2035 
     2034      2036 
     2036      2039 
     2037      2038 
     2041      2042 
     2041      2043 
     2042      2044 
     2044      2669 
     2049      2421 
     2050      2422 
     2050      2445 
     2053      2055 
     2053      2056 
     2055      2504 
     2055      2505 
     2056      2554 
     2057      2058 
     2057      2059 
     2058      2060 
     2060      2403 
     2060      2404 
     2061      2062 
     2061      2063 
     2061      2064 
     2062      2103 
     2062      2104 
     2065      2390 
     2065      2391 
     2066      2396 
     2066      2397 
     2066      2398 
     2067      2436 
     2067      2437 
     2068      2069 
     2068      2070 
     2068      2071 
     2069      2072 
     2069      2073 
     2069      2074 
     2069      2075 
     2070      2202 
     2070      2203 
     2070      2204 
     2071      2212 
     2072      2242 
     2074      2539 
     2076      2205 
     2077      2210 
     2077      2211 
     2078      2080 
     2080      2525 
     2081      2082 
     2081      2083 
     2081      2084 
     2082      2498 
     2082      2499 
     2084      2844 
     2085      2086 
     2086      2087 
     2086      2088 
     2087      2500 
     2087      2501 
     2089      2090 
     2089      2091 
     2090      2092 
     2092      2845 
     2094      2096 
     2094      2097 
     2094      2098 
     2097      2477 
     2098      2434 
     2098      2870 
     2099      2101 
     2099      2102 
     2101      2510 
     2102      2475 
     2103      2266 
     2104      2289 
     2106      2107 
     2106      2108 
     2106      2109 
     2106      2110 
     2107      2111 
     2108      2568 
     2108      2569 
     2108      2570 
     2108      2571 
     2110      2613 
     2110      2614 
     2110      2615 
     2111      2803 
     2112      2113 
     2112      2114 
     2112      2115 
     2113      2116 
     2113      2117 
     2113      2118 
     2114      2119 
     2116      2601 
     2117      2220 
     2118      2645 
     2119      2480 
     2120      2121 
     2120      2122 
     2120      2123 
     2121      2124 
     2121      2125 
     2121      2126 
     2121      2127 
     2122      2128 
     2124      2431 
     2127      2507 
     2128      2590 
     2129      2130 
     2129      2131 
     2129      2132 
     2129      2133 
     2129      2134 
     2129      2135 
     2131      2623 
     2131      2624 
     2132      2621 
     2132      2626 
     2133      2628 
     2134      2655 
     2134      2657 
     2135      2618 
     2142      2627 
     2143      2144 
     2143      2145 
     2144      2146 
     2145      2801 
     2146      2151 
     2147      2148 
     2147      2149 
     2149      2161 
     2150      2151 
     2150      2152 
     2150      2153 
     2151      2154 
     2151      2155 
     2152      2156 
     2154      2820 
     2154      2822 
     2156      2770 
     2157      2158 
     2157      2159 
     2157      2160 
     2157      2161 
     2159      2572 
     2159      2573 
     2160      2583 
     2161      2577 
     2161      2630 
     2161      2632 
     2162      2165 
     2164      2593 
     2165      2283 
     2166      2168 
     2168      2241 
     2169      2170 
     2169      2171 
     2169      2172 
     2171      2353 
     2173      2174 
     2173      2175 
     2174      2176 
     2176      2455 
     2177      2252 
     2178      2305 
     2179      2180 
     2179      2181 
     2180      2182 
     2181      2371 
     2182      2320 
     2183      2184 
     2183      2185 
     2183      2186 
     2184      2187 
     2185      2188 
     2185      2189 
     2187      2733 
     2188      2190 
     2189      2351 
     2190      2720 
     2191      2347 
     2192      2193 
     2192      2194 
     2193      2195 
     2195      2287 
     2196      2197 
     2196      2198 
     2197      2199 
     2197      2200 
     2198      2286 
     2199      2201 
     2200      2707 
     2200      2708 
     2201      2268 
     2202      2206 
     2202      2207 
     2202      2208 
     2202      2209 
     2203      2604 
     2203      2605 
     2204      2607 
     2205      2589 
     2207      2603 
     2207      2607 
     2207      2608 
     2207      2609 
     2208      2589 
     2209      2616 
     2209      2663 
     2210      2225 
     2211      2734 
     2211      2735 
     2211      2736 
     2211      2737 
     2212      2213 
     2213      2214 
     2215      2216 
     2215      2217 
     2216      2218 
     2217      2333 
     2218      2786 
     2219      2220 
     2219      2221 
     2219      2222 
     2221      2223 
     2221      2224 
     2223      2328 
     2224      2340 
     2225      2332 
     2226      2227 
     2227      2228 
     2228      2340 
     2229      2230 
     2230      2231 
     2231      2788 
     2232      2233 
     2232      2234 
     2232      2235 
     2232      2236 
     2234      2237 
     2234      2238 
     2234      2239 
     2236      2239 
     2237      2240 
     2238      2792 
     2241      2282 
     2242      2602 
     2243      2244 
     2244      2810 
     2245      2829 
     2246      2824 
     2248      2790 
     2248      2791 
     2249      2785 
     2249      2792 
     2249      2797 
     2249      2798 
     2250      2814 
     2251      2252 
     2251      2253 
     2252      2314 
     2254      2255 
     2254      2256 
     2255      2257 
     2257      2259 
     2259      2277 
     2261      2285 
     2263      2265 
     2264      2268 
     2265      2270 
     2267      2288 
     2269      2270 
     2270      2271 
     2270      2272 
     2272      2278 
     2272      2279 
     2280      2281 
     2281      2282 
     2283      2284 
     2285      2294 
     2286      2287 
     2289      2290 
     2290      2291 
     2292      2294 
     2294      2295 
     2296      2298 
     2297      2301 
     2297      2302 
     2298      2299 
     2299      2300 
     2300      2328 
     2301      2303 
     2303      2330 
     2304      2305 
     2304      2306 
     2305      2307 
     2306      2309 
     2307      2315 
     2308      2325 
     2309      2310 
     2310      2326 
     2311      2312 
     2311      2313 
     2313      2336 
     2314      2315 
     2314      2316 
     2315      2317 
     2318      2319 
     2319      2338 
     2320      2321 
     2321      2334 
     2322      2323 
     2322      2324 
     2323      2325 
     2324      2327 
     2329      2330 
     2329      2331 
     2332      2333 
     2335      2336 
     2335      2337 
     2337      2339 
     2338      2339 
     2341      2342 
     2341      2343 
     2341      2344 
     2342      2345 
     2343      2346 
     2345      2407 
     2346      2560 
     2347      2348 
     2347      2349 
     2347      2350 
     2348      2351 
     2348      2352 
     2350      2403 
     2350      2420 
     2354      2849 
     2355      2356 
     2355      2357 
     2355      2358 
     2356      2359 
     2357      2360 
     2358      2361 
     2358      2362 
     2359      2378 
     2363      2364 
     2363      2365 
     2363      2366 
     2363      2367 
     2364      2368 
     2364      2369 
     2364      2370 
     2365      2439 
     2365      2875 
     2365      2876 
     2368      2469 
     2369      2516 
     2369      2517 
     2371      2372 
     2371      2373 
     2371      2374 
     2371      2375 
     2372      2531 
     2372      2532 
     2373      2533 
     2373      2537 
     2374      2550 
     2376      2377 
     2376      2378 
     2376      2379 
     2377      2380 
     2379      2386 
     2380      2458 
     2381      2419 
     2382      2384 
     2382      2385 
     2384      2415 
     2384      2880 
     2386      2387 
     2387      2388 
     2387      2389 
     2390      2392 
     2392      2443 
     2393      2395 
     2395      2441 
     2396      2512 
     2396      2513 
     2397      2528 
     2397      2848 
     2398      2498 
     2399      2471 
     2399      2511 
     2400      2527 
     2400      2528 
     2401      2500 
     2402      2844 
     2402      2847 
     2403      2865 
     2405      2406 
     2406      2407 
     2408      2409 
     2408      2410 
     2408      2411 
     2409      2410 
     2409      2412 
     2410      2478 
     2411      2518 
     2411      2519 
     2412      2550 
     2413      2414 
     2413      2415 
     2413      2416 
     2414      2417 
     2414      2418 
     2415      2419 
     2418      2556 
     2419      2862 
     2420      2554 
     2420      2555 
     2422      2423 
     2422      2424 
     2423      2425 
     2424      2440 
     2424      2443 
     2425      2841 
     2426      2427 
     2426      2428 
     2426      2429 
     2427      2430 
     2428      2431 
     2430      2435 
     2432      2433 
     2432      2434 
     2433      2435 
     2435      2510 
     2436      2438 
     2438      2470 
     2440      2441 
     2440      2442 
     2441      2444 
     2443      2842 
     2445      2866 
     2446      2447 
     2447      2843 
     2448      2449 
     2448      2450 
     2448      2451 
     2449      2452 
     2452      2556 
     2453      2454 
     2454      2456 
     2454      2457 
     2455      2849 
     2455      2851 
     2456      2458 
     2459      2461 
     2462      2464 
     2470      2471 
     2470      2472 
     2471      2473 
     2473      2528 
     2473      2530 
     2474      2475 
     2474      2476 
     2476      2538 
     2477      2881 
     2478      2531 
     2479      2480 
     2480      2481 
     2480      2482 
     2482      2867 
     2482      2869 
     2485      2547 
     2487      2488 
     2487      2489 
     2487      2490 
     2489      2538 
     2490      2552 
     2492      2494 
     2492      2495 
     2494      2496 
     2496      2863 
     2497      2502 
     2502      2503 
     2503      2548 
     2504      2506 
     2506      2840 
     2507      2508 
     2508      2509 
     2512      2514 
     2514      2845 
     2518      2520 
     2519      2539 
     2519      2540 
     2520      2546 
     2521      2522 
     2521      2523 
     2521      2524 
     2522      2525 
     2523      2526 
     2526      2529 
     2527      2529 
     2533      2534 
     2533      2535 
     2534      2536 
     2541      2543 
     2543      2877 
     2544      2545 
     2545      2546 
     2547      2548 
     2548      2549 
     2557      2559 
     2561      2582 
     2562      2586 
     2563      2617 
     2564      2565 
     2565      2575 
     2569      2598 
     2569      2600 
     2572      2574 
     2572      2575 
     2572      2576 
     2574      2577 
     2575      2587 
     2576      2588 
     2578      2579 
     2579      2580 
     2580      2581 
     2581      2586 
     2582      2594 
     2583      2584 
     2584      2585 
     2585      2621 
     2587      2640 
     2587      2641 
     2588      2634 
     2590      2591 
     2591      2648 
     2592      2593 
     2592      2594 
     2595      2617 
     2596      2597 
     2596      2598 
     2597      2599 
     2599      2610 
     2601      2604 
     2602      2603 
     2603      2606 
     2609      2616 
     2610      2612 
     2612      2654 
     2613      2651 
     2613      2652 
     2618      2619 
     2619      2620 
     2619      2621 
     2620      2622 
     2621      2627 
     2622      2631 
     2623      2625 
     2625      2629 
     2627      2659 
     2628      2643 
     2630      2631 
     2632      2633 
     2632      2637 
     2633      2634 
     2633      2635 
     2634      2636 
     2636      2638 
     2638      2639 
     2640      2642 
     2642      2655 
     2645      2646 
     2646      2647 
     2647      2648 
     2648      2649 
     2648      2650 
     2649      2650 
     2651      2653 
     2655      2656 
     2657      2658 
     2661      2662 
     2664      2665 
     2665      2666 
     2665      2667 
     2666      2721 
     2667      2692 
     2668      2669 
     2668      2670 
     2668      2671 
     2669      2672 
     2669      2673 
     2669      2674 
     2670      2675 
     2670      2676 
     2670      2677 
     2672      2692 
     2672      2693 
     2673      2727 
     2674      2726 
     2675      2678 
     2675      2679 
     2677      2701 
     2679      2684 
     2680      2681 
     2680      2682 
     2681      2683 
     2681      2684 
     2681      2685 
     2682      2712 
     2683      2686 
     2685      2716 
     2687      2688 
     2689      2691 
     2691      2719 
     2694      2723 
     2694      2724 
     2696      2732 
     2697      2705 
     2703      2712 
     2705      2706 
     2706      2707 
     2708      2709 
     2709      2710 
     2710      2711 
     2711      2713 
     2713      2714 
     2714      2715 
     2716      2728 
     2717      2718 
     2717      2719 
     2718      2720 
     2721      2722 
     2725      2726 
     2729      2730 
     2734      2738 
     2734      2739 
     2735      2744 
     2735      2745 
     2735      2746 
     2736      2770 
     2737      2783 
     2738      2768 
     2739      2800 
     2739      2802 
     2742      2804 
     2743      2751 
     2744      2750 
     2745      2803 
     2747      2813 
     2749      2767 
     2750      2767 
     2751      2754 
     2751      2755 
     2752      2763 
     2754      2765 
     2760      2762 
     2762      2763 
     2764      2765 
     2764      2766 
     2767      2768 
     2767      2769 
     2769      2807 
     2769      2808 
     2771      2782 
     2772      2773 
     2772      2774 
     2772      2775 
     2773      2776 
     2773      2777 
     2776      2787 
     2777      2786 
     2778      2779 
     2778      2780 
     2781      2793 
     2781      2794 
     2782      2787 
     2783      2784 
     2784      2785 
     2788      2789 
     2789      2799 
     2790      2809 
     2791      2806 
     2793      2795 
     2794      2796 
     2795      2814 
     2797      2799 
     2798      2805 
     2800      2801 
     2802      2804 
     2805      2806 
     2807      2812 
     2807      2815 
     2809      2810 
     2811      2812 
     2811      2813 
     2820      2821 
     2821      2823 
     2823      2824 
     2823      2825 
     2826      2830 
     2827      2831 
     2828      2829 
     2828      2830 
     2831      2832 
     2832      2833 
     2834      2835 
     2835      2836 
     2836      2837 
     2837      2838 
     2840      2841 
     2845      2846 
     2849      2850 
     2851      2872 
     2852      2854 
     2852      2855 
     2854      2856 
     2854      2857 
     2858      2859 
     2858      2860 
     2858      2861 
     2860      2873 
     2860      2874 
     2863      2864 
     2864      2881 
     2867      2868 
     2871      3372 
     2872      3372 
     2872      3373 
     2877      2878 
     2877      2879 
     2881      2882 
     2882      2883 
     2884      3079 
     2885      2906 
     2887      2888 
     2888      2889 
     2889      2890 
     2891      2892 
     2892      2893 
     2893      3070 
     2894      2895 
     2894      2896 
     2894      2897 
     2895      2898 
     2896      2930 
     2897      2990 
     2897      2991 
     2898      2902 
     2899      2900 
     2901      2902 
     2903      2904 
     2903      2905 
     2904      2906 
     2905      3068 
     2905      3069 
     2907      2908 
     2908      2909 
     2909      3142 
     2910      2911 
     2910      2912 
     2911      2913 
     2912      3068 
     2913      3191 
     2913      3192 
     2914      2915 
     2916      2917 
     2916      2918 
     2919      2920 
     2919      2921 
     2919      2922 
     2921      2931 
     2922      3054 
     2923      3189 
     2924      3197 
     2925      2926 
     2925      2927 
     2925      2928 
     2926      2929 
     2927      3196 
     2929      3026 
     2932      2933 
     2932      2934 
     2932      2935 
     2934      2993 
     2935      3030 
     2936      2938 
     2938      2939 
     2939      3007 
     2940      2941 
     2941      3043 
     2942      2966 
     2942      2983 
     2943      2944 
     2944      3188 
     2944      3190 
     2945      2946 
     2945      2947 
     2945      2948 
     2949      2950 
     2949      2951 
     2949      2952 
     2949      2953 
     2955      3176 
     2958      2959 
     2959      2960 
     2959      2961 
     2962      2963 
     2963      2964 
     2964      2966 
     2964      2968 
     2965      2966 
     2971      2972 
     2971      2973 
     2972      2974 
     2972      2975 
     2975      2984 
     2976      2977 
     2977      2985 
     2977      2986 
     2979      2980 
     2979      2981 
     2985      2987 
     2990      2992 
     2991      2994 
     2993      3001 
     2993      3034 
     2994      2995 
     2997      2998 
     2998      2999 
     2998      3000 
     2999      3032 
     3000      3015 
     3001      3002 
     3001      3003 
     3002      3017 
     3003      3016 
     3003      3037 
     3004      3025 
     3005      3009 
     3006      3007 
     3006      3008 
     3007      3009 
     3008      3024 
     3010      3011 
     3010      3012 
     3011      3013 
     3012      3032 
     3014      3015 
     3014      3016 
     3018      3019 
     3020      3021 
     3022      3023 
     3024      3025 
     3027      3028 
     3028      3029 
     3030      3031 
     3032      3033 
     3035      3036 
     3042      3062 
     3043      3044 
     3049      3050 
     3049      3051 
     3051      3052 
     3052      3053 
     3052      3055 
     3053      3054 
     3061      3062 
     3063      3065 
     3063      3066 
     3064      3065 
     3066      3067 
     3069      3072 
     3074      3075 
     3076      3077 
     3078      3081 
     3078      3082 
     3080      3098 
     3083      3084 
     3083      3085 
     3084      3087 
     3086      3089 
     3087      3088 
     3090      3106 
     3091      3092 
     3092      3093 
     3093      3094 
     3093      3095 
     3094      3096 
     3095      3097 
     3097      3098 
     3099      3100 
     3100      3101 
     3101      3104 
     3102      3103 
     3103      3105 
     3108      3135 
     3108      3136 
     3111      3114 
     3112      3118 
     3113      3140 
     3114      3115 
     3114      3116 
     3119      3128 
     3119      3131 
     3127      3158 
     3131      3132 
     3131      3133 
     3132      3134 
     3133      3135 
     3135      3137 
     3137      3138 
     3138      3139 
     3141      3143 
     3142      3143 
     3144      3155 
     3147      3151 
     3147      3152 
     3148      3153 
     3148      3154 
     3150      3156 
     3152      3154 
     3155      3156 
     3161      3162 
     3161      3163 
     3163      3164 
     3163      3165 
     3166      3167 
     3167      3168 
     3168      3181 
     3169      3170 
     3170      3171 
     3172      3174 
     3173      3179 
     3181      3182 
     3182      3183 
     3188      3189 
     3190      3198 
     3193      3194 
     3194      3195 
     3198      3199 
     3200      3204 
     3201      3205 
     3203      3291 
     3204      3232 
     3204      3251 
     3205      3206 
     3206      3337 
     3208      3209 
     3208      3210 
     3209      3305 
     3210      3242 
     3211      3212 
     3212      3355 
     3212      3359 
     3213      3354 
     3215      3360 
     3216      3364 
     3216      3365 
     3217      3218 
     3217      3219 
     3218      3220 
     3220      3238 
     3221      3369 
     3221      3371 
     3222      3223 
     3222      3224 
     3222      3225 
     3224      3249 
     3224      3250 
     3225      3346 
     3226      3252 
     3227      3228 
     3228      3363 
     3229      3230 
     3229      3231 
     3230      3232 
     3230      3233 
     3230      3234 
     3231      3309 
     3233      3273 
     3234      3246 
     3235      3236 
     3235      3237 
     3235      3238 
     3236      3239 
     3236      3240 
     3237      3370 
     3241      3366 
     3243      3244 
     3245      3246 
     3247      3248 
     3248      3370 
     3249      3371 
     3252      3253 
     3255      3256 
     3256      3257 
     3257      3258 
     3257      3259 
     3257      3260 
     3258      3259 
     3259      3268 
     3261      3262 
     3261      3263 
     3264      3273 
     3265      3272 
     3266      3279 
     3268      3271 
     3269      3270 
     3271      3272 
     3273      3274 
     3274      3279 
     3275      3280 
     3276      3283 
     3277      3278 
     3281      3282 
     3282      3296 
     3283      3284 
     3283      3285 
     3284      3289 
     3286      3294 
     3288      3297 
     3289      3290 
     3292      3293 
     3292      3294 
     3293      3295 
     3294      3298 
     3296      3297 
     3298      3299 
     3301      3302 
     3303      3304 
     3304      3308 
     3306      3307 
     3307      3308 
     3311      3312 
     3311      3313 
     3311      3314 
     3312      3316 
     3312      3319 
     3312      3320 
     3313      3319 
     3315      3332 
     3315      3340 
     3317      3318 
     3320      3333 
     3321      3331 
     3321      3332 
     3322      3337 
     3323      3341 
     3325      3334 
     3326      3338 
     3328      3330 
     3330      3334 
     3333      3340 
     3335      3339 
     3336      3339 
     3341      3342 
     3344      3349 
     3344      3350 
     3344      3352 
     3350      3351 
     3354      3356 
     3356      3357 
     3357      3358 
     3360      3361 
     3360      3362 
     3364      3365 
     3366      3367 
     3367      3368 
     3368      3369 
